1.10501
0.868997
0.643561
0.44404
0.364619
0.372223
0.25036
0.182056
0.103297
0.056596
0.0050298
0.00766752
0.070881
0.0603325
0.0205402
0.0390783
0.120146
0.0898093
-0.0255728
-0.0866481
-0.0805011
-0.0152746
0.00364245
-0.0167523
0.0199913
-0.0268353
-0.029948
0.00702569
-0.0843373
-0.135056
-0.197047
-0.241302
-0.230043
-0.261248
-0.252105
-0.200038
-0.181796
-0.10567
-0.00883436
0.00334501
0.0203494
0.0337467
0.0680751
0.0607533
0.0875057
0.0834393
0.0831959
0.0321016
-3.52213e-05
-0.0261939
-0.0169737
-0.0127011
-0.00894821
0.00853361
0.00794743
-0.0198971
-0.00271614
0.0636163
0.0781236
0.0269811
-0.0235058
0.00562353
0.0313311
0.065721
0.12312
0.128373
0.0810885
-0.0197922
-0.0616223
-0.159385
-0.198306
-0.202936
-0.114407
-0.0689868
-0.0405523
-0.0711385
-0.11594
-0.0814159
-0.105426
-0.0723157
-0.0619679
-0.0277742
-1.84661e-05
-0.00456825
0.0426419
0.0635957
0.0272305
0.0686838
0.0510904
-0.00222046
-0.0273899
-0.00333331
-0.0132667
0.0397807
0.070817
0.144339
0.112394
0.0863628
0.0681527
0.0544926
0.0425837
0.00812512
-0.0359902
0.0160753
0.00289435
-0.0436606
0.0596379
0.0306391
0.0437771
0.0142349
0.0338811
0.0124935
0.0975371
0.0593662
0.063002
0.0206875
-0.0153741
-0.0404775
-0.0528577
-0.0780342
-0.0419982
-0.049188
-0.0671637
-0.089895
-0.107413
-0.0970759
-0.0863783
-0.153573
-0.124902
-0.0983646
-0.0136484
-0.0454106
-0.0712395
-0.10793
-0.0908998
-0.0745457
-0.128483
-0.114493
-0.167712
-0.228108
-0.206895
-0.169647
-0.156894
-0.167926
-0.160347
-0.163482
-0.204262
-0.211997
-0.180992
-0.218487
-0.186996
-0.131604
-0.105808
-0.0906393
-0.0798
-0.0112662
-0.0421388
0.0158105
0.000720317
-0.0230442
-0.0464677
-0.0801469
-0.110618
-0.0929995
-0.15325
-0.173892
-0.170697
-0.184401
-0.233626
-0.229866
-0.263416
-0.312814
-0.263368
-0.233289
-0.114719
-0.103298
-0.109614
-0.129774
-0.1455
-0.156557
-0.156887
-0.15315
-0.202389
-0.201829
-0.146815
-0.0512594
-0.0534076
-0.0375306
-0.045366
-0.121125
-0.0983092
-0.114638
-0.148945
-0.126212
-0.136422
-0.10011
-0.0953533
-0.157073
-0.154685
-0.159218
-0.194496
-0.146866
-0.110917
-0.0766134
-0.0848632
-0.108088
-0.0774178
-0.0411066
-0.0221321
0.0126224
0.00683138
-0.0398522
-0.0763087
-0.0919244
-0.0932457
-0.0214177
-0.00866935
-0.00943504
0.0162351
-0.0800038
-0.0871018
-0.10648
-0.0915392
-0.071981
-0.118907
-0.11943
-0.0337997
0.00328074
0.0144153
-0.0296916
-0.116537
-0.216693
-0.193587
-0.199389
-0.193161
-0.224941
-0.176119
-0.199949
-0.157852
-0.0804758
-0.0595174
-0.064899
-0.0731644
-0.00822325
-0.0251173
0.00713205
0.0369392
0.0273309
0.0858751
0.121623
0.102964
0.0865875
-0.0262109
-0.144223
-0.20901
-0.197643
-0.234493
-0.208274
-0.151201
-0.12013
-0.0915723
-0.08505
-0.0837743
-0.0738641
-0.124117
-0.128145
-0.110445
-0.129642
-0.158263
-0.225054
-0.262458
-0.264661
-0.203038
-0.189888
-0.233271
-0.27258
-0.329103
-0.328213
-0.256587
-0.246764
-0.223543
-0.225797
-0.195023
-0.165004
-0.125328
-0.0794952
0.0044673
0.0584779
0.0116651
-0.0191338
-0.0194432
-0.0343675
0.0440443
0.0277662
-0.0697697
0.0165665
-0.0468894
-0.0632773
0.0439797
-0.146527
-0.110924
-0.202654
-0.279927
-0.270143
-0.238691
-0.251983
-0.206618
-0.190211
-0.361124
-0.13877
-0.31103
-0.356694
-0.19513
-0.612526
-1.46029
-1.6478
-0.0815585
0.715809
0.590749
-0.0535774
-0.848745
-1.2541
-0.766894
-0.322024
-0.736363
-0.922317
-0.216382
0.30701
0.54395
0.89961
1.39141
2.01934
2.97609
4.41254
4.91904
5.09367
5.443
5.59369
5.68985
5.87238
5.83621
6.36694
6.85683
6.96695
6.97794
7.03119
7.11423
7.01274
7.00183
7.1582
7.02791
6.73342
6.72275
6.88261
6.77139
6.68552
6.75237
6.67413
6.5641
6.70251
6.91799
7.1699
6.92496
5.99634
4.27155
2.32676
1.53325
1.40442
1.50011
1.87821
2.27596
1.75023
0.248094
-1.2063
-2.68798
-3.99958
-4.20496
-3.90263
-4.59567
-5.46655
-5.66245
-5.99263
-6.35331
-6.47979
-5.08153
-3.75351
-5.80749
-6.12194
-5.68744
-5.02675
-4.47664
-4.07791
-3.60238
-2.66901
-1.9767
-1.75335
-1.43002
-1.28384
-1.18107
-0.904457
-0.511543
0.286983
0.805073
1.10605
1.16625
1.15283
1.49546
1.86628
2.23202
2.26811
2.09873
2.17255
2.31712
2.44101
2.31453
2.07069
1.67438
1.48659
1.42732
0.94925
0.166321
-1.0074
-2.0389
-1.58527
-1.16914
-2.15751
-2.71521
-2.49717
-1.67362
-0.992597
-0.367587
0.669315
1.99783
2.80715
3.1856
3.35181
3.17034
2.94555
2.68441
2.84926
2.83249
2.64158
2.3908
2.16499
2.13258
2.6497
2.96601
3.16079
2.96261
2.67995
2.40222
2.15856
1.99098
1.55387
1.36396
1.34173
1.53531
1.44988
1.32109
1.06382
0.990795
0.987246
0.829068
0.734791
0.564297
0.0359853
-0.231708
-0.0419393
0.35141
0.51904
0.135745
-0.322781
-0.733056
-1.20932
-1.49836
-1.38763
-0.874295
-0.613366
-0.524999
-0.684586
-0.905732
-1.01703
-1.13684
-1.05311
-0.804046
-0.390033
-0.0987269
-0.0167011
-0.234107
-0.216158
-0.231058
-0.187132
0.00765415
0.0913274
0.410025
0.662119
1.32461
0.883489
-0.168774
-1.18381
-1.95729
-2.90122
-3.75718
-4.38841
-5.1256
-5.61126
-5.78845
-5.94453
-6.45413
-6.99059
-6.99908
-7.81106
-8.17438
-8.54256
-8.78451
-9.14016
-9.28538
-9.47762
-9.47626
-9.26719
-8.88317
-8.53825
-8.15258
-7.94534
-7.17107
-6.34167
-5.87804
-5.69785
-5.66085
-5.61278
-5.32138
-4.67039
-4.2156
-4.01896
-3.87748
-3.34782
-2.67636
-1.80954
-1.14592
-0.32421
0.614896
1.61832
3.02516
4.17631
4.38501
4.3747
4.59846
4.86136
5.53661
6.57073
6.63462
6.05837
5.46546
5.65986
6.35018
6.30385
5.83936
5.75258
5.43093
4.85042
4.4802
4.30949
4.15666
3.97371
3.4162
3.27101
3.09841
3.04774
3.02115
3.03799
2.97052
2.78931
2.76218
2.72503
2.65794
2.59183
2.42254
2.08959
1.87042
1.76143
1.45023
1.73639
2.04301
1.95166
1.7779
1.81486
1.90321
1.96797
2.21171
2.15307
1.92218
1.58913
1.56367
1.47492
1.34958
1.19289
1.28695
1.19405
1.13022
1.10401
0.734934
0.241293
0.0224398
-0.0826833
-0.482298
-0.491339
-0.943051
-1.63323
-2.01343
-1.90793
-2.05957
-1.83519
-1.58671
-1.54141
-1.40291
-1.47137
-1.92255
-2.25514
-2.40986
-2.70253
-3.09845
-3.4029
-3.53273
-3.49061
-3.31913
-2.99351
-2.78801
-2.44005
-2.54575
-2.88266
-2.69085
-2.33495
-1.79139
-2.01307
-2.08875
-2.00388
-2.46495
-2.43273
-2.89843
-2.82198
-2.34296
-2.29874
-2.50845
-2.84943
-3.05118
-2.97234
-2.90119
-2.80749
-2.69214
-2.9228
-2.85141
-3.05344
-3.05435
-2.81876
-2.73811
-2.7362
-2.78064
-2.86259
-2.86187
-2.63311
-2.84965
-3.15951
-3.23684
-3.24491
-3.17869
-3.21207
-3.33056
-3.38403
-3.46161
-3.46662
-3.32492
-3.0353
-2.79976
-2.61903
-2.46268
-2.41499
-2.35695
-2.23576
-2.2637
-2.12092
-2.02361
-2.02505
-2.02535
-1.91472
-1.88141
-1.71641
-1.70416
-1.71655
-1.58217
-1.45842
-1.39366
-1.41084
-1.28758
-1.26619
-1.2193
-1.27216
-1.2293
-1.13302
-1.03254
-1.12746
-1.01778
-0.902989
-0.827366
-0.786915
-0.834211
-0.794472
-0.798603
-0.820573
-0.835744
-0.628312
-0.61786
-0.589521
-0.483698
-0.341867
-0.199766
-0.182512
0.0463235
-0.025755
-0.151854
-0.198795
-0.145276
-0.249361
-0.497079
-0.525534
-0.581976
-0.718212
-0.807434
-0.857346
-0.783775
-0.722726
-0.736121
-0.963418
-1.39749
-2.09671
-3.00925
-2.88555
-2.90445
-3.40652
-4.2041
-4.53396
-4.77343
-4.5907
-4.25971
-4.04622
-4.20808
-4.24033
-4.5216
-4.53506
-4.36933
-4.20132
-3.82329
-4.1615
-4.19349
-3.87097
-3.47727
-3.2635
-3.13133
-3.14523
-2.95095
-2.83236
-2.55824
-2.44107
-2.37748
-2.26435
-2.23151
-2.14874
-1.9815
-1.86713
-1.81622
-1.58989
-1.45702
-1.42341
-1.2462
-1.10672
-1.16187
-0.928699
-0.849258
-0.823942
-0.708008
-0.575826
-0.526583
-0.47357
-0.535598
-0.666303
-0.686277
-0.733578
-0.677569
-0.56003
-0.498091
-0.465459
-0.474113
-0.444249
-0.562152
-0.596351
-0.498917
-0.389172
-0.388602
-0.421963
-0.522322
-0.497592
-0.603943
-0.662966
-0.613185
-0.516676
-0.466961
-0.427126
-0.375203
-0.395379
-0.478862
-0.372655
-0.446627
-0.47205
-0.493156
-0.567476
-0.648665
-0.692258
-0.70665
-0.707093
-0.644694
-0.548192
-0.515751
-0.568961
-0.681021
-0.69094
-0.689017
-0.654438
-0.661986
-0.60553
-0.530682
-0.570712
-0.540854
-0.538806
-0.686407
-0.772345
-0.857767
-0.871982
-0.807925
-0.756326
-0.783424
-0.777219
-0.739394
-0.713932
-0.606559
-0.600361
-0.604304
-0.937934
-0.840959
-1.51976
-1.77221
-2.18629
-2.41411
-2.80018
-2.90392
-2.67016
-2.37439
-2.44958
-2.77068
-2.59745
-2.85271
-3.13779
-3.2794
-3.41506
-3.57006
-3.75693
-4.02532
-3.9689
-4.13022
-4.42263
-4.48429
-4.56387
-4.70699
-4.90287
-5.02703
-5.15759
-5.33779
-5.48748
-5.66188
-5.41332
-5.3245
-5.30144
-5.48619
-5.73589
-5.90298
-6.05247
-6.2456
-6.40997
-6.46971
-6.41721
-6.37633
-6.50855
-6.70379
-6.69729
-6.71041
-6.77034
-7.0322
-7.05228
-6.99723
-6.88902
-6.8503
-7.08274
-7.13699
-7.05572
-6.94452
-6.87325
-6.80889
-6.81207
-6.72374
-6.74636
-6.72012
-6.60443
-6.535
-6.44048
-6.45701
-6.46541
-6.49392
-6.53488
-6.64619
-6.61647
-6.65276
-6.57844
-6.42957
-6.3867
-6.32878
-6.26966
-6.22111
-6.33739
-6.42694
-6.37638
-6.46257
-6.50264
-6.44627
-6.41927
-6.40968
-6.532
-6.60164
-6.61084
-6.63206
-6.42443
-6.01962
-5.09921
-3.58756
-1.51714
1.54729
4.4415
8.26869
12.0377
15.3715
17.7272
20.4369
23.453
25.5304
27.147
28.2681
29.4571
31.0107
32.2005
32.8484
33.2586
33.4041
33.4042
33.7535
34.2033
34.2703
34.2596
34.2395
34.3769
34.4183
34.5514
34.548
34.4105
34.5636
34.7682
34.7533
34.5813
34.5749
34.6071
34.628
34.7699
34.7845
34.5904
34.6504
34.7188
34.749
34.7551
34.7961
34.9522
35.0884
35.1049
35.0372
34.7937
34.7427
34.6987
34.5756
34.232
33.7054
33.0408
32.3324
31.3188
29.7904
28.2622
26.4422
23.9602
20.5155
17.5023
15.4163
13.8587
12.4059
11.1522
10.6511
8.61408
5.59072
2.70916
0.441196
-2.04752
-4.63917
-8.04411
-12.8498
-17.3465
-21.0681
-22.8598
-24.7176
-26.5924
-29.6705
-32.3631
-34.3568
-36.0819
-37.4582
-38.8482
-39.7706
-41.3057
-42.9851
-44.193
-44.048
-43.1147
-42.8882
-43.0119
-42.6899
-41.248
-40.0737
-38.698
-36.8508
-35.3578
-34.5626
-33.6862
-32.7509
-31.6166
-29.9903
-28.067
-26.4878
-25.3021
-24.3222
-22.8011
-21.0733
-19.3131
-18.3082
-17.6841
-16.7689
-15.5516
-14.2061
-12.861
-11.9355
-10.9683
-10.2545
-9.22922
-8.24749
-7.9836
-7.95679
-7.70146
-7.57784
-7.88603
-8.61875
-9.38926
-9.19791
-9.23546
-10.3358
-10.9884
-11.4486
-11.3365
-10.6823
-10.4175
-10.5007
-10.149
-9.937
-9.71106
-9.64757
-9.62824
-9.4568
-9.12459
-8.70251
-8.26681
-7.47027
-6.86583
-6.83851
-6.49797
-6.63188
-7.14523
-7.27943
-7.01997
-7.36342
-8.26636
-8.62757
-8.38621
-7.60395
-6.75054
-6.42508
-6.47159
-6.61884
-6.1357
-5.4124
-5.56228
-5.87734
-6.05143
-6.01963
-5.43108
-4.10546
-3.51561
-3.19121
-3.26175
-2.82187
-2.21024
-1.92452
-0.977155
0.454382
0.308819
0.547862
1.73833
2.23885
1.82231
0.999785
-0.424694
-0.872688
-1.42693
-1.70752
-2.22923
-2.92726
-3.14163
-2.54924
-2.11242
-1.97225
-1.65227
-1.70089
-1.67197
-1.77945
-0.960059
-0.50252
0.357802
0.899243
0.425688
-0.93586
-1.81471
-2.07977
-2.3602
-2.18043
-2.04575
-2.11891
-2.20396
-1.02545
-0.426088
-0.363045
0.371033
0.414564
-0.127899
-0.869388
-1.11262
-0.460533
0.254272
-0.248344
-1.92607
-4.17745
-4.35108
-3.54087
-3.28507
-2.54284
-2.65108
0.311172
3.46462
5.81212
5.76987
4.12213
2.54323
1.19163
0.446013
-0.627856
-1.43483
-1.92337
-2.62987
-3.02998
-2.3383
-2.0154
-1.96119
-1.94211
-1.54184
-0.895062
-0.291671
0.049512
0.178714
0.270415
0.36967
0.501713
0.660104
1.06508
0.510803
-0.295297
-1.14017
-2.49564
-4.36161
-6.37171
-8.17172
-7.3111
-6.06311
-7.36986
-9.19059
-10.0851
-9.63512
-9.56813
-10.7557
-9.96407
-8.75271
-8.28579
-8.72016
-8.64109
-7.62639
-6.23868
-5.72848
-6.65875
-8.79933
-8.24717
-7.37534
-6.94474
-6.02211
-2.9272
-1.21231
-0.511085
-0.440054
-0.121034
0.173074
1.01178
0.709682
-0.422173
-1.3196
-2.10221
-2.13476
-2.25441
-2.5314
-3.09535
-3.50158
-2.6561
-2.092
-1.62127
-1.45189
-1.39147
-1.76208
-1.95216
-1.93208
-1.78319
-1.54138
-1.51994
-1.63914
-1.38884
-1.2357
-1.59138
-2.81252
-3.97104
-5.11902
-6.24674
-6.87705
-8.58044
-9.49846
-10.5371
-12.7233
-15.5597
-18.2791
-20.6875
-22.8088
-24.8512
-26.7336
-28.3249
-30.3535
-32.0061
-32.7618
-33.9328
-35.4805
-36.6994
-37.9819
-38.9454
-39.4981
-39.9881
-39.8982
-40.2728
-40.87
-41.1109
-40.7223
-40.5248
-40.3999
-40.522
-40.5286
-40.2892
-39.8769
-39.1609
-38.0523
-35.7268
-32.9364
-30.8484
-29.1212
-26.7813
-23.7755
-21.6081
-19.6845
-18.598
-17.3716
-15.6532
-13.5843
-11.7144
-9.97744
-8.48427
-7.73776
-7.09249
-5.82153
-3.9258
-3.24827
-3.68636
-4.38325
-4.17801
-2.92909
-1.55621
-1.11201
-1.42363
-2.23026
-1.99069
-1.57592
-0.946565
-0.745527
-0.796106
-1.22076
-1.54062
-1.41204
-0.791275
-0.225471
-0.330158
-0.671461
-1.06246
-1.03821
-0.433835
0.194773
0.207533
-0.385796
0.0397026
-0.162334
-0.270275
0.179249
0.413001
0.391336
0.255295
0.098866
-0.472325
-0.189008
0.0600611
0.0916911
0.0212422
-0.522967
-0.0300893
-0.437696
-0.219835
-0.450908
-0.146203
-0.302326
-0.170924
-0.162013
-0.176398
-0.132845
-0.138861
-0.115615
-0.204424
-0.221509
-0.230974
-0.228178
-0.178615
-0.219932
-0.210253
-0.233652
-0.235737
-0.232297
-0.202451
-0.245421
-0.289824
-0.361475
-0.337358
-0.313819
-0.286892
-0.330661
-0.25393
-0.236486
-0.222128
-0.163799
-0.140112
-0.215616
-0.186447
-0.117619
-0.0930075
-0.078206
-0.0728119
-0.0864843
-0.1429
-0.185134
-0.165741
-0.29248
-0.205521
-0.170332
-0.0649819
