0
0.00644206
-0.006974
-0.000591108
0.0472651
0.0562693
0.0523597
0.0598819
0.00879981
-0.0216243
-0.0367998
0.0146702
0.0698357
0.0720625
0.106863
0.117316
0.0888685
0.118039
0.115501
0.114782
0.084696
0.0897492
0.115154
0.090776
0.0451779
0.0830682
0.111601
0.0642262
0.168107
0.167769
0.160276
0.191389
0.167866
0.0903497
0.0152389
-0.0358438
0.00191296
0.0409017
-0.0084216
0.00846125
-0.0532572
-0.0817448
-0.0276649
-0.0267484
0.0570449
0.066139
0.0727069
0.0738758
0.0668061
0.145774
0.11012
0.0538582
0.0438451
0.0224673
-0.0761436
-0.0989582
-0.0534335
-0.00734256
0.0634941
0.0866131
0.0684295
0.0649654
0.068459
0.0319999
0.030521
-0.0212543
-0.0364313
-0.0682555
-0.0654486
-0.0873856
-0.0694713
0.0232186
0.0209606
0.00939837
0.0218648
0.0397184
-0.0179597
-0.00701767
0.13306
0.0927699
0.0336738
0.0606116
0.109864
0.110214
0.00901689
0.00724162
0.0588687
0.0509742
0.0296009
0.0276726
0.0236364
0.0458281
0.0748752
0.0316143
-0.0186451
0.0116991
0.0619014
0.166733
0.173193
0.127871
0.0885333
0.0622969
0.0361945
0.0107387
0.0482245
0.105783
0.0660813
0.0341824
0.0304179
0.00286255
-0.052718
-0.0257603
-0.063083
0.0481665
0.0417874
0.0211112
-0.0318743
0.0361335
0.0145762
-0.0938196
-0.108084
-0.124169
-0.0468221
-0.00883209
0.0078145
-0.0228099
-0.116971
-0.128383
-0.0984741
-0.0476039
-0.0241156
-0.0141314
0.0249947
0.0104087
-0.0288741
-0.0147381
-0.0627118
-0.00185581
0.022714
-0.00768348
0.014364
-0.0374594
-0.0751929
-0.0885078
-0.0717934
-0.0368105
-0.112918
-0.192583
-0.19661
-0.118847
-0.0740841
-0.0709962
-0.0976093
-0.132031
-0.0830377
-0.118345
-0.194257
-0.220767
-0.240098
-0.223323
-0.102477
-0.0526134
-0.0201422
0.0444679
0.00656263
0.012426
0.0571463
0.0129823
0.0352337
0.00159101
0.0528846
0.104809
0.0562703
0.0396571
0.0873607
0.0364535
-0.0190616
-0.108643
-0.103666
-0.0928387
-0.109498
-0.174999
-0.15225
-0.155509
-0.182923
-0.216199
-0.167454
-0.192395
-0.179935
-0.260662
-0.260925
-0.214889
-0.192779
-0.204107
-0.217137
-0.242905
-0.166746
-0.0817101
-0.0782802
-0.0816062
-0.138681
-0.122968
-0.052109
0.045649
0.118546
0.0728809
0.0454521
0.140421
0.186957
0.153087
0.163774
0.160652
0.192501
0.200868
0.10873
0.166079
0.134151
0.116182
0.0975592
0.122061
0.145384
0.212335
0.193313
0.124825
0.142388
0.142835
0.175525
0.125292
0.112808
0.0352706
-0.00844687
0.0168532
-0.0270351
-0.0824305
-0.0633364
-0.0609631
-0.117846
-0.117055
-0.0210363
0.115265
0.070898
-0.0104845
-0.0360345
-0.124801
-0.120627
-0.0489611
-0.0210235
0.0163349
0.0775983
-0.0192116
-0.0411139
-0.0301993
-0.0344066
-0.0169895
-0.0423632
-0.0769942
-0.134152
-0.190736
-0.0942776
-0.127033
-0.0874234
-0.0533314
-0.0100179
0.041077
0.0381804
0.0240489
-0.0440966
-0.0776622
-0.187181
-0.0857775
-0.0491644
0.119556
0.093486
0.0563279
0.0509099
0.0728298
0.0177715
-0.0410341
-0.0543387
-0.0566408
-0.177212
-0.24112
-0.191289
-0.214292
-0.20615
-0.223095
-0.170122
-0.140509
-0.0694734
-0.0218368
0.0422788
0.0342888
0.00216125
-0.0746146
-0.0613796
-0.143491
-0.0284583
-0.100321
-0.191296
-0.0127905
-0.0702427
-0.104345
0.0158859
-0.0406049
-0.0329427
0.0433671
-0.0120299
0.0417525
0.0781261
-0.0145893
0.583775
1.12775
1.28466
1.74591
2.77528
2.88252
2.10351
1.52459
1.90183
1.93685
2.13122
2.55964
3.29365
3.02832
2.29707
1.66592
0.48169
-0.916851
-2.09554
-3.47703
-5.26266
-6.21184
-7.26209
-8.64317
-9.72112
-10.3463
-10.9775
-11.5263
-12.0352
-12.0764
-11.9472
-12.1815
-12.9624
-13.1407
-13.0839
-12.9919
-12.753
-12.4619
-12.3054
-12.1017
-11.7445
-11.3013
-11.2637
-11.2302
-11.1579
-11.0759
-11.0191
-10.8182
-10.779
-11.2786
-12.0134
-12.7165
-13.6959
-13.3481
-12.545
-12.2354
-12.9673
-13.694
-14.0654
-14.5593
-14.633
-13.5223
-11.2657
-9.10628
-6.14197
-4.46741
-4.94737
-3.89427
-1.0867
0.941129
1.1278
1.59185
4.20734
5.84045
6.17592
6.11962
9.42366
9.64593
8.50071
6.85708
5.54313
5.01985
5.08572
4.14618
2.91945
2.2176
2.11712
1.93589
1.74187
1.47317
1.23109
1.46962
1.60404
1.8059
2.14144
2.69906
3.05175
3.32049
3.48897
3.41124
3.34859
3.21013
3.17665
3.24358
3.35121
3.61323
4.41378
5.40767
5.8855
6.49235
7.2005
7.41215
7.45846
7.47151
7.2947
7.81415
8.54879
9.34987
9.59249
8.45656
6.89678
4.97389
1.44589
-2.14491
-5.84253
-8.70917
-10.573
-10.5035
-9.55132
-8.77294
-8.47681
-9.33721
-10.2233
-10.8165
-11.4134
-11.7547
-11.9807
-12.416
-11.8611
-11.5865
-11.3785
-11.5162
-11.5139
-11.4815
-11.4429
-11.5902
-11.7578
-11.8358
-11.8342
-11.3348
-11.383
-11.6078
-11.4846
-11.4996
-11.5106
-11.3319
-11.0354
-10.7964
-11.012
-11.3752
-11.2556
-11.2684
-11.1944
-10.9496
-10.5535
-10.5504
-10.6758
-11.0173
-11.4261
-11.1933
-10.8761
-10.569
-10.2511
-10.1655
-10.3347
-10.5119
-10.7057
-10.6575
-10.3589
-10.0778
-10.0689
-10.1211
-10.3493
-10.6213
-11.0232
-11.1023
-10.7996
-10.2719
-9.49969
-9.40794
-9.77955
-10.4174
-10.1481
-9.00325
-8.31672
-7.42429
-6.6228
-4.96372
-3.36478
-2.1409
-0.29336
2.00127
3.73349
4.75768
5.40098
6.45942
7.07353
7.07467
7.38633
8.04354
8.41327
8.32678
8.47927
9.34262
9.80107
9.67939
9.36889
9.36471
9.22114
9.01239
8.72436
8.43624
8.30804
8.27861
8.62018
9.8184
10.7324
10.7542
10.4961
10.2002
10.057
9.65196
9.24046
7.70427
5.29858
3.1437
2.18932
1.48766
0.0967396
-1.28941
-2.23663
-1.99799
-1.19927
-0.980328
-1.76493
-2.66566
-3.71122
-5.05349
-6.50764
-7.44483
-8.59159
-9.47676
-10.3127
-11.1799
-11.2844
-10.8405
-10.3136
-9.9006
-9.38032
-9.08353
-8.61477
-8.04141
-7.29868
-6.77709
-6.72275
-6.60621
-6.31751
-5.29895
-4.57434
-4.14821
-3.96567
-3.80392
-3.78935
-3.4614
-3.01795
-3.14646
-3.31853
-3.35707
-3.24691
-3.46131
-3.587
-3.40169
-3.39559
-3.55331
-3.67956
-3.86262
-4.19226
-3.8761
-3.77888
-4.55834
-4.673
-4.04318
-3.80619
-3.63232
-3.8506
-4.50478
-4.22347
-3.55091
-3.56304
-4.2943
-4.57171
-5.04362
-5.50452
-5.97721
-6.79284
-6.78027
-6.31848
-5.70369
-5.93195
-6.21019
-6.15324
-5.67936
-5.37646
-5.57142
-5.84074
-5.72726
-5.59298
-5.33418
-4.89252
-4.32759
-4.63495
-6.00195
-7.28511
-8.08628
-8.98056
-9.89406
-9.96355
-10.8703
-9.96534
-10.2345
-10.569
-10.9363
-11.2933
-12.0377
-13.7628
-15.9942
-18.8049
-21.6776
-23.7983
-25.7077
-27.3472
-29.3382
-31.3443
-33.026
-34.3112
-35.4125
-36.5565
-37.9447
-39.1693
-39.4753
-39.4155
-39.2187
-39.0374
-39.144
-39.2658
-39.3191
-39.3044
-39.1818
-39.1106
-39.1368
-39.4064
-39.6533
-39.9138
-40.1614
-40.4229
-40.7513
-40.6393
-40.4636
-40.3837
-40.4676
-40.5234
-40.3459
-40.073
-39.8096
-39.5948
-39.6372
-39.8025
-39.9004
-39.8511
-39.9261
-39.8522
-39.8767
-40.0254
-40.1427
-40.1369
-39.9582
-39.9321
-40.131
-40.3716
-40.3964
-40.3755
-40.2943
-40.1546
-40.0113
-39.9214
-40.0759
-40.0552
-40.0704
-39.9996
-40.0848
-40.1175
-40.1388
-40.1498
-40.0705
-40.2208
-40.3071
-40.1922
-40.0253
-39.8367
-39.784
-39.7305
-39.9372
-39.8995
-39.6671
-39.4208
-39.4643
-39.7846
-40.1325
-40.1721
-40.127
-40.2344
-40.1132
-39.9668
-39.8304
-39.5181
-37.9292
-36.5683
-35.313
-33.9184
-32.7959
-31.5132
-29.3874
-26.9078
-24.835
-22.9569
-21.7847
-19.9577
-18.0965
-14.9945
-11.4609
-8.29845
-5.25417
-2.77495
-0.355614
1.67116
4.34883
7.07682
9.91753
12.5483
14.5034
16.0598
17.6776
19.4045
20.7551
21.9218
23.0175
24.0117
24.8661
25.5597
26.1833
26.7623
27.3784
27.7888
27.9906
28.1106
28.4055
28.6924
28.8215
29.122
29.3062
29.4177
29.2908
29.3522
29.3443
29.4252
29.4102
29.4857
29.6455
29.6245
29.5401
29.4461
29.5197
29.5591
29.6095
29.5322
29.6119
29.636
29.4275
29.3986
29.5305
29.5788
29.6642
29.848
29.892
29.8043
29.7638
29.7598
29.6737
29.6527
29.7576
29.959
29.9176
29.8575
29.8878
29.912
30.0214
29.911
29.9195
29.9309
29.915
29.7887
29.7665
29.724
29.7506
29.7221
29.6513
29.6954
29.665
29.7371
29.8097
29.8917
29.9197
30.0029
30.0552
30.0061
29.9789
30.0174
29.8925
29.8349
29.7622
29.7734
29.7297
29.7813
29.9287
30.0575
30.1211
30.6622
30.4915
30.7124
30.121
29.4399
29.1702
28.8417
28.3101
27.5925
27.0077
27.3307
27.5342
27.1836
26.9042
26.8795
27.0502
27.045
26.655
26.6132
26.7111
26.8531
26.9943
27.0813
27.2135
27.2238
27.6202
27.7791
27.8582
27.8217
27.9897
28.1513
28.4139
28.5396
28.5305
28.3323
28.2815
28.1721
28.0052
27.9923
28.2769
28.5675
28.4792
28.3289
28.1915
28.5263
28.8989
28.9349
28.9649
29.1363
29.5431
29.6741
29.5396
29.2988
29.2451
29.3152
29.6405
29.821
29.8927
29.9165
30.0136
29.9986
30.0596
30.266
30.5897
30.8022
30.9117
30.9577
30.9019
30.94
30.983
31.0881
31.1152
31.1557
31.3074
31.3108
31.2472
31.3594
31.6624
31.7235
31.6112
31.6484
31.6971
31.6308
31.5662
31.3862
31.1072
30.9117
30.7544
30.538
30.0915
29.9198
29.9923
29.9258
29.9939
30.0528
30.3518
29.8717
28.3462
26.9295
23.7035
21.0596
18.9156
16.7859
14.8977
13.2331
11.7749
10.4564
9.34231
7.72605
6.22709
5.55677
4.99832
4.51803
4.19502
3.91397
3.90898
4.00559
3.6355
3.56731
3.56805
3.58942
3.72028
3.57005
3.5173
3.35166
3.13454
3.00472
3.15346
3.2339
3.28634
3.26806
3.30899
3.2676
3.3053
3.23229
3.30291
3.26206
3.24034
3.13831
3.0711
3.1485
3.27857
3.24097
3.04113
2.90221
2.89397
2.92146
3.04706
3.28959
3.43871
3.37336
3.30038
3.26748
3.2996
3.52358
3.40124
2.81708
2.58751
2.76019
2.66291
2.24671
1.62201
0.668043
-0.386253
-0.707159
-1.15619
-1.58624
-1.39873
-1.49849
-2.44084
-2.83969
-2.19008
-1.75066
-1.29579
-0.721138
0.106805
-0.0521877
-0.395652
0.116277
1.36405
1.93305
2.58584
3.58181
4.00525
4.65343
5.76682
7.18114
8.52293
9.56808
10.4185
11.4688
13.1684
14.3286
15.6317
18.2078
19.5203
20.8532
22.6837
24.8766
27.0317
29.5509
30.5162
29.5449
27.8757
26.7202
26.1773
24.2706
21.0322
17.5588
14.006
10.4263
7.24116
4.3812
1.46
-1.58634
-4.65231
-8.34448
-12.8124
-16.765
-20.1105
-24.3078
-28.323
-31.0422
-32.9591
-34.5146
-36.456
-36.9612
-36.0541
-34.5274
-31.988
-29.9817
-29.2077
-28.0552
-25.4287
-21.6918
-18.2761
-15.6271
-12.9189
-10.4492
-8.0818
-5.60207
-3.17549
-1.39652
-0.160367
0.580327
0.758629
0.589234
0.284073
1.07337
1.51976
1.03304
-0.211134
-0.308816
0.355903
1.80692
2.77126
2.62855
2.32518
2.40742
3.64638
4.68529
4.46335
4.60299
5.53245
6.30883
6.67622
6.84095
7.0824
7.74868
8.70505
9.62938
9.87768
10.3305
11.0274
12.2005
14.0344
15.5463
15.0485
13.002
11.7844
11.1745
11.1929
11.1478
10.04
8.40145
7.16395
6.31249
5.86481
4.75136
3.56475
2.36462
1.33649
0.55449
-0.52668
-0.727027
-0.89913
-1.1017
-0.47401
-0.318667
1.48231
3.2472
4.22768
3.90615
3.3128
2.53798
1.41206
0.817993
1.69302
2.43883
1.88414
0.865453
2.37307
3.01967
1.7811
2.43568
3.89945
5.83012
7.19151
7.95344
8.15349
8.24217
8.19956
8.00439
9.36464
10.9111
11.2229
12.292
13.9921
12.3002
10.3085
7.33674
5.41676
4.66292
5.53239
5.06458
3.62262
2.61868
1.57109
0.387413
-0.362555
-1.34716
-2.34982
-2.7032
-2.59328
-2.80559
-3.08958
-3.3019
-3.23584
-3.18175
-2.88625
-2.72541
-2.21557
-2.07863
-1.89258
-2.13174
1.0924
3.8487
4.24883
2.77043
2.50055
3.57217
5.49318
6.38288
6.73745
7.15516
6.25656
3.82027
0.310308
1.81151
4.67286
4.96517
3.87284
4.96334
7.38733
9.03008
10.1873
10.8859
11.4343
11.8137
11.949
12.6889
13.277
13.533
13.4542
14.3245
14.7845
13.1757
11.237
9.34499
7.95634
6.5986
5.86325
5.1235
4.1904
3.03059
2.36333
1.15178
-0.975203
-2.3058
-2.91589
-4.08603
-4.96447
-5.63293
-5.79458
-5.64904
-5.02515
-4.18323
-3.63656
-3.49834
-3.71284
-3.81025
-3.35248
-2.78437
-2.81453
-2.23961
-1.60892
-1.35333
-0.577939
-0.330941
0.0483781
1.52154
3.50713
4.12868
3.84303
2.90349
1.77375
1.38877
1.19931
0.978898
0.402097
-0.619017
-1.3503
-1.55862
-1.20561
-0.641335
0.0909165
0.17541
0.160255
0.232378
0.348619
0.603891
0.668374
0.648763
0.761416
0.877767
0.923549
0.73548
0.38005
0.0401412
0.165494
0.352355
0.423107
0.721572
1.03493
1.29056
1.10208
0.582121
0.319635
-0.615995
-1.81476
-4.03453
-4.84668
-3.98332
-2.8396
-2.30191
-1.91291
-2.14046
-2.69646
-3.68893
-4.46455
-4.15066
-3.08785
-2.493
-2.7148
-2.44089
-1.17656
0.749954
2.73519
3.71273
4.15801
3.61913
3.06951
3.46228
3.98897
4.53671
4.41447
4.12411
3.55379
3.41922
3.6611
3.80773
3.8437
3.49672
3.44842
3.49285
4.1543
4.52037
4.20355
3.78945
2.78937
3.02767
3.57103
4.02487
3.98465
4.25424
4.64372
5.00946
5.1145
4.30941
2.89656
2.46497
2.05944
1.68067
1.60168
1.48982
0.945983
1.00458
0.723561
0.572756
0.597619
0.563925
0.415659
0.41762
0.481539
0.380319
0.413294
0.375591
0.238871
0.222515
0.240279
0.245608
0.318854
0.360344
0.327684
0.345039
0.33245
0.322265
0.255556
0.177994
0.194821
0.201276
0.217624
0.221677
0.206334
0.142219
0.0866418
0.104276
0.094563
0.124806
0.105244
0.146173
0.110647
0.0473917
0.0479692
0.0984149
0.0211048
0.0356161
0.135092
0.14817
0.0612219
-0.0108939
0.0032508
-0.0142041
