0.000153509
0.000340957
-7.84524e-05
4.75715e-05
0.000979013
0.00110761
0.00101581
0.00112061
0.000293421
-0.000215039
-0.000483483
0.000282566
0.00112198
0.00117469
0.00171438
0.00190015
0.00149419
0.00194885
0.00192902
0.00192684
0.00148266
0.00155614
0.0019424
0.00158634
0.000892347
0.00143974
0.00187257
0.00116518
0.00272595
0.0027529
0.00266527
0.00316088
0.00283211
0.0016785
0.000517392
-0.000300606
0.000211212
0.000762946
-1.77545e-06
0.000227656
-0.000726424
-0.00119281
-0.000416367
-0.000407757
0.000852602
0.00101506
0.00113801
0.00117991
0.00108633
0.00230294
0.00179803
0.000972488
0.000811695
0.000489716
-0.0010227
-0.00142105
-0.000781467
-0.000110149
0.000958676
0.0013318
0.00108184
0.00104707
0.00111126
0.000569457
0.000543135
-0.000239513
-0.000495509
-0.00100351
-0.00100441
-0.00135815
-0.0011087
0.000278096
0.00025182
9.14974e-05
0.000294096
0.00057695
-0.000270698
-0.000112422
0.00201681
0.00146478
0.000590896
0.00100094
0.00176314
0.00178741
0.000274531
0.000224841
0.000980891
0.000861563
0.000539629
0.000506616
0.000437294
0.000762345
0.00121598
0.000568168
-0.000206663
0.000227118
0.000991244
0.00260249
0.00275774
0.0021077
0.00153355
0.00114462
0.000727712
0.000325558
0.000874831
0.0017333
0.00114732
0.000656978
0.000590709
0.000158115
-0.000710996
-0.000338896
-0.000932786
0.000718174
0.000640359
0.000338024
-0.000467261
0.000541738
0.000229982
-0.00141174
-0.00166884
-0.00195171
-0.000813926
-0.0002382
3.31753e-05
-0.000420678
-0.00185447
-0.00207379
-0.00164874
-0.000886634
-0.000520247
-0.000351788
0.000264393
6.79521e-05
-0.000510246
-0.000303043
-0.00102797
-0.000117609
0.00027337
-0.000172327
0.000173654
-0.000602891
-0.00118416
-0.00141218
-0.00118529
-0.00066513
-0.00181745
-0.00306144
-0.00316878
-0.00203007
-0.00135693
-0.00130093
-0.00169198
-0.00221848
-0.00148469
-0.00201609
-0.00317256
-0.00360432
-0.00394081
-0.00372995
-0.00192425
-0.00114422
-0.000613192
0.000411535
-0.000101473
2.20586e-05
0.000740706
0.000113794
0.000469599
-2.54629e-05
0.000752476
0.00157378
0.000871318
0.000633634
0.00136688
0.000610033
-0.00023619
-0.0016228
-0.00160075
-0.00147316
-0.00175138
-0.00277348
-0.00248424
-0.00257016
-0.00300813
-0.00354255
-0.00283599
-0.00322601
-0.00306022
-0.00429987
-0.00434276
-0.00366763
-0.00333969
-0.00350612
-0.00370544
-0.00410804
-0.00296769
-0.00167144
-0.00157842
-0.00159134
-0.00242189
-0.00218285
-0.00109394
0.000429761
0.00160166
0.000993698
0.000625849
0.00210094
0.00286127
0.00240572
0.00260573
0.00259785
0.00311618
0.00327682
0.0019054
0.0027683
0.0023093
0.00203341
0.00174634
0.00210709
0.00245888
0.00348776
0.00322888
0.00221829
0.00247262
0.00247393
0.00296652
0.00221349
0.00200445
0.000810363
0.000100022
0.000432903
-0.000260361
-0.00115104
-0.000910871
-0.000909166
-0.00180415
-0.00183609
-0.000417674
0.00167066
0.00105246
-0.000157213
-0.000551563
-0.00192985
-0.00191344
-0.000856225
-0.000432716
0.00014471
0.00110055
-0.000329467
-0.000661902
-0.000512377
-0.000580171
-0.000328322
-0.000717772
-0.00125689
-0.0021475
-0.0030468
-0.00163173
-0.00213411
-0.0015421
-0.00102794
-0.000356739
0.000445003
0.000446511
0.000266188
-0.00074808
-0.00127074
-0.00295124
-0.00145926
-0.000905219
0.001667
0.00133374
0.000811898
0.000753599
0.00111224
0.000299276
-0.000601236
-0.00083123
-0.000893786
-0.00275002
-0.0037873
-0.00310338
-0.00349768
-0.00341637
-0.00370109
-0.00292181
-0.00247781
-0.00138918
-0.000638163
0.000380316
0.000324822
-0.000116933
-0.00125957
-0.00103797
-0.00224118
-0.000510241
-0.00163479
-0.00313604
-0.000480281
-0.00125221
-0.00180367
9.79556e-06
-0.000783821
-0.000683902
0.000486967
-0.00030836
0.000505521
0.0011218
-0.000241082
0.00902791
0.0178834
0.021099
0.0287409
0.0456595
0.0504044
0.0419737
0.033737
0.0393259
0.0398247
0.0432472
0.0510021
0.0635183
0.0599399
0.0484342
0.0388708
0.0217294
-0.000197738
-0.0199264
-0.0426348
-0.0717553
-0.0880301
-0.106241
-0.129804
-0.150685
-0.163863
-0.176049
-0.186723
-0.196711
-0.199192
-0.198767
-0.203723
-0.217147
-0.22134
-0.221563
-0.221147
-0.218165
-0.214084
-0.211672
-0.208682
-0.203185
-0.19617
-0.195077
-0.193889
-0.192122
-0.190317
-0.188922
-0.185324
-0.184301
-0.191497
-0.202041
-0.211891
-0.225328
-0.218114
-0.204542
-0.199645
-0.211887
-0.224867
-0.232162
-0.240862
-0.242906
-0.225985
-0.191308
-0.157765
-0.110994
-0.0866911
-0.0982519
-0.0813532
-0.0346585
-0.00216102
1.65809e-05
0.00729275
0.0516511
0.0803497
0.0885106
0.0900448
0.142748
0.147934
0.131632
0.107124
0.087505
0.0802423
0.0823327
0.0688234
0.0501033
0.0386803
0.0364296
0.0331014
0.029621
0.0251097
0.0211059
0.0245191
0.0265833
0.029737
0.035206
0.0441983
0.05017
0.0548541
0.0580369
0.0574265
0.0568617
0.0550466
0.0548273
0.0560861
0.0578881
0.0619045
0.0741159
0.0896334
0.097449
0.107091
0.118828
0.123759
0.126684
0.130328
0.131528
0.142656
0.15823
0.17503
0.182733
0.167589
0.143671
0.112619
0.0556996
-0.00560577
-0.069443
-0.120633
-0.155127
-0.158608
-0.147374
-0.138446
-0.136894
-0.152586
-0.167954
-0.178005
-0.187708
-0.193658
-0.198236
-0.20597
-0.198254
-0.194233
-0.191227
-0.193699
-0.194161
-0.194143
-0.193975
-0.196363
-0.19896
-0.200333
-0.200471
-0.192926
-0.193519
-0.196891
-0.195077
-0.194967
-0.194811
-0.19192
-0.187188
-0.183329
-0.186689
-0.192677
-0.191454
-0.191946
-0.190856
-0.186944
-0.1805
-0.179871
-0.181499
-0.186755
-0.193129
-0.189653
-0.18468
-0.179833
-0.17486
-0.173405
-0.175856
-0.178541
-0.181537
-0.18077
-0.176122
-0.171761
-0.171478
-0.172085
-0.175355
-0.179539
-0.186119
-0.187846
-0.183383
-0.173959
-0.160396
-0.15886
-0.167174
-0.181212
-0.182401
-0.16933
-0.162042
-0.149838
-0.137863
-0.112096
-0.0875248
-0.0679545
-0.0365518
0.00111942
0.0311067
0.0496482
0.0612027
0.0785427
0.0892159
0.0899228
0.0953892
0.107286
0.115598
0.116166
0.119657
0.135693
0.146129
0.147377
0.145074
0.147504
0.147767
0.146742
0.144384
0.141507
0.140784
0.141905
0.149679
0.171906
0.190687
0.196017
0.195904
0.193578
0.192471
0.186221
0.17852
0.152495
0.111621
0.0740618
0.0554813
0.0415281
0.0163892
-0.00906673
-0.027611
-0.0270776
-0.0172718
-0.0165247
-0.0310916
-0.0477884
-0.0664654
-0.0891245
-0.112363
-0.127467
-0.146103
-0.161005
-0.174954
-0.189284
-0.191881
-0.185485
-0.177468
-0.171176
-0.163178
-0.158245
-0.15055
-0.141014
-0.128639
-0.119618
-0.117849
-0.115201
-0.109803
-0.0932937
-0.0812981
-0.0739525
-0.070477
-0.0671182
-0.0658507
-0.0598598
-0.0522462
-0.0534217
-0.0553553
-0.0552514
-0.0529402
-0.0556946
-0.057213
-0.0540729
-0.0537207
-0.0560996
-0.058067
-0.0608526
-0.0658435
-0.0608984
-0.0592491
-0.0713131
-0.0734024
-0.0637856
-0.0599362
-0.0573397
-0.0609698
-0.0714028
-0.0674108
-0.056972
-0.056876
-0.0681006
-0.0726297
-0.0801834
-0.0877452
-0.0955432
-0.108623
-0.109157
-0.102502
-0.093221
-0.0967886
-0.101436
-0.100844
-0.0935294
-0.0885808
-0.0914356
-0.0957002
-0.0938857
-0.0912213
-0.0862781
-0.0781216
-0.0675994
-0.0704467
-0.0904058
-0.110128
-0.123167
-0.137711
-0.152398
-0.153626
-0.167057
-0.153169
-0.156407
-0.15998
-0.163196
-0.165847
-0.174611
-0.198992
-0.232427
-0.275989
-0.32244
-0.359057
-0.392584
-0.422027
-0.45711
-0.492989
-0.524189
-0.549152
-0.570822
-0.592872
-0.61857
-0.642175
-0.651575
-0.654131
-0.65344
-0.652233
-0.654931
-0.657611
-0.659064
-0.659281
-0.657681
-0.656721
-0.657228
-0.6615
-0.66557
-0.670029
-0.674421
-0.679046
-0.684694
-0.683684
-0.681358
-0.680329
-0.681814
-0.682936
-0.680433
-0.676254
-0.67205
-0.668517
-0.668837
-0.671052
-0.672404
-0.671536
-0.672479
-0.67117
-0.671373
-0.673514
-0.675321
-0.675284
-0.672525
-0.671963
-0.674862
-0.678543
-0.679063
-0.678875
-0.677689
-0.67555
-0.673265
-0.671748
-0.673981
-0.673634
-0.673795
-0.672655
-0.673881
-0.674388
-0.674737
-0.674838
-0.673567
-0.67586
-0.677277
-0.675663
-0.673199
-0.670315
-0.669352
-0.668365
-0.671476
-0.671059
-0.667636
-0.663872
-0.664503
-0.669638
-0.675622
-0.677412
-0.678094
-0.681178
-0.681259
-0.681296
-0.681402
-0.67866
-0.656184
-0.636334
-0.617903
-0.59689
-0.579538
-0.560125
-0.528228
-0.490433
-0.457393
-0.426689
-0.407102
-0.378779
-0.349957
-0.302812
-0.24753
-0.196532
-0.145655
-0.101934
-0.0591289
-0.0221191
0.0241734
0.0719188
0.121826
0.169184
0.206691
0.237782
0.269143
0.30182
0.328496
0.351763
0.373554
0.393371
0.410677
0.425013
0.43779
0.449815
0.462077
0.470815
0.475992
0.479587
0.485679
0.491552
0.494948
0.500671
0.504537
0.507213
0.506144
0.507635
0.507949
0.509558
0.509687
0.51111
0.513836
0.513835
0.512843
0.511694
0.513007
0.513795
0.514681
0.513581
0.514833
0.515176
0.511988
0.511527
0.51354
0.5143
0.515612
0.51848
0.519213
0.517902
0.517312
0.517155
0.515754
0.515365
0.516982
0.520157
0.519761
0.518948
0.519341
0.519693
0.521376
0.519755
0.519938
0.520187
0.520002
0.518042
0.517651
0.516976
0.51736
0.516937
0.515779
0.51633
0.515795
0.51684
0.517958
0.519185
0.51964
0.521023
0.521969
0.521343
0.520978
0.521615
0.519707
0.518734
0.517551
0.517676
0.517029
0.517974
0.520494
0.52286
0.524315
0.533358
0.531339
0.534957
0.526145
0.515889
0.511832
0.506872
0.49834
0.486566
0.476524
0.480307
0.482
0.475121
0.469907
0.469158
0.471504
0.471009
0.464501
0.463465
0.464751
0.466686
0.46873
0.470027
0.472052
0.472212
0.478257
0.481011
0.482592
0.482399
0.485089
0.487642
0.491916
0.494068
0.494278
0.491622
0.490984
0.489263
0.486605
0.486486
0.490962
0.495454
0.493928
0.491412
0.489202
0.494371
0.50013
0.500677
0.501117
0.503955
0.510419
0.512447
0.510421
0.506889
0.50623
0.507468
0.512469
0.515143
0.516227
0.516788
0.518623
0.518649
0.51968
0.523006
0.528164
0.531614
0.533501
0.534407
0.533751
0.534563
0.535469
0.537321
0.537954
0.538799
0.541422
0.541719
0.541023
0.543159
0.548234
0.549453
0.547913
0.548827
0.550046
0.549692
0.549404
0.547208
0.543205
0.540353
0.538241
0.535255
0.528683
0.526367
0.528341
0.528878
0.531972
0.536273
0.543652
0.539115
0.517578
0.498446
0.449485
0.408495
0.37353
0.338308
0.305616
0.275661
0.250275
0.225927
0.203723
0.173561
0.145087
0.129765
0.117137
0.10606
0.0978152
0.0905243
0.0881149
0.0876926
0.0803783
0.0784328
0.0772783
0.0767558
0.0778812
0.075113
0.0738247
0.0705888
0.067139
0.0649851
0.0667684
0.0678146
0.0684787
0.0682451
0.068846
0.0682001
0.0688257
0.0677274
0.0687259
0.0679275
0.0674678
0.0658547
0.0650146
0.0664786
0.0685719
0.0679925
0.0649664
0.0629483
0.0628937
0.063247
0.0651969
0.0689029
0.0713337
0.0712738
0.0706825
0.0709665
0.0725173
0.0771611
0.0758324
0.0680211
0.0683069
0.0745556
0.0743438
0.0681139
0.058145
0.0421338
0.023083
0.0142621
0.00402168
-0.00529034
-0.00482383
-0.00902825
-0.0267864
-0.0358771
-0.026542
-0.0187224
-0.00887533
0.00395138
0.020185
0.0214991
0.0180679
0.0269065
0.046902
0.054628
0.0632556
0.0785315
0.0833891
0.0896494
0.104145
0.12602
0.143552
0.154573
0.166007
0.182515
0.206799
0.221583
0.241599
0.282859
0.304385
0.325828
0.357793
0.396273
0.433321
0.476799
0.498523
0.491874
0.473787
0.46268
0.461421
0.438829
0.39422
0.343462
0.292649
0.242733
0.195831
0.151104
0.103482
0.0525576
0.00230451
-0.0554639
-0.126603
-0.194925
-0.256476
-0.331094
-0.405087
-0.46026
-0.502199
-0.537906
-0.579668
-0.599845
-0.596742
-0.580603
-0.546877
-0.521147
-0.514265
-0.50164
-0.463151
-0.404073
-0.347964
-0.302874
-0.256935
-0.21351
-0.170797
-0.125532
-0.0808247
-0.046642
-0.0220415
-0.00628055
0.000109138
0.000805585
-0.00247386
0.0101976
0.0181023
0.0107616
-0.0104785
-0.0149985
-0.00638469
0.0157534
0.0307785
0.0270872
0.0200467
0.0201767
0.0401364
0.0585598
0.0569446
0.0599699
0.076456
0.0919272
0.101628
0.108002
0.115402
0.129102
0.147159
0.164568
0.171402
0.181597
0.19604
0.217356
0.248729
0.274902
0.269131
0.238888
0.220063
0.210295
0.210128
0.208779
0.191216
0.165122
0.145027
0.130812
0.122641
0.104328
0.0848449
0.0650633
0.0474001
0.0332501
0.0141928
0.00887444
0.00468559
0.000847539
0.0102623
0.0132217
0.0412132
0.0681558
0.0828128
0.077397
0.0677962
0.0555598
0.0368897
0.0245127
0.0350211
0.0460739
0.038102
0.0211721
0.0438863
0.054686
0.0361877
0.0460044
0.0697773
0.101832
0.1258
0.140317
0.145128
0.147009
0.147248
0.146561
0.173513
0.205595
0.215245
0.234657
0.262615
0.239957
0.208139
0.158886
0.1242
0.108629
0.119192
0.109998
0.0855562
0.0682517
0.0502505
0.0298411
0.0164853
-0.000342305
-0.0174584
-0.0246188
-0.0246406
-0.0292153
-0.0345321
-0.0385292
-0.038261
-0.0379387
-0.0336407
-0.0310796
-0.0229422
-0.0203441
-0.0171
-0.0202521
0.0302881
0.0745693
0.0825449
0.0595295
0.0530322
0.0680202
0.0961388
0.104891
0.101772
0.103543
0.0884246
0.0486217
-0.0144374
0.00186362
0.0472702
0.0555403
0.0379874
0.0529039
0.0931671
0.126297
0.152396
0.1703
0.185483
0.198487
0.209297
0.236513
0.261129
0.275584
0.280043
0.29576
0.299871
0.27076
0.236875
0.203964
0.177891
0.151705
0.136259
0.122352
0.105823
0.085751
0.0726068
0.0508687
0.0149985
-0.00825797
-0.0199527
-0.0405799
-0.0566683
-0.0692542
-0.0740083
-0.0739384
-0.0658021
-0.0533872
-0.045171
-0.0433116
-0.0468291
-0.0484661
-0.0412627
-0.0324146
-0.0331097
-0.0252688
-0.0164005
-0.0134276
-0.00231879
0.00188248
0.00907591
0.0342978
0.0669512
0.0762326
0.070385
0.0546857
0.0374573
0.0327177
0.0290583
0.0224
0.00978283
-0.00725772
-0.0178171
-0.0190506
-0.0117585
-0.00316816
0.00631644
0.00808455
0.0106576
0.0158797
0.0203772
0.0254951
0.0269939
0.0264792
0.0284093
0.0319313
0.0330058
0.0284372
0.0206242
0.0149064
0.0166798
0.0186951
0.0177854
0.0192755
0.0205126
0.0219993
0.0180563
0.00912719
0.00482897
-0.00793661
-0.0247303
-0.0597685
-0.0751069
-0.0624478
-0.041796
-0.0293548
-0.0209957
-0.0238804
-0.0328851
-0.0489964
-0.0611097
-0.0553446
-0.0378163
-0.0286465
-0.032979
-0.0294424
-0.00929968
0.0225027
0.05509
0.0712229
0.0793539
0.0723853
0.0652495
0.0729525
0.0830047
0.0926911
0.0912845
0.0870352
0.0789531
0.0778931
0.0822865
0.0848002
0.0850596
0.0792933
0.0783003
0.0793064
0.0899405
0.096001
0.0910803
0.0843241
0.0702683
0.0742701
0.0825385
0.0897885
0.0897453
0.0943048
0.100999
0.107702
0.11079
0.1003
0.0787976
0.0712071
0.064103
0.0573501
0.0552801
0.0529182
0.0436997
0.0437094
0.0388135
0.0358902
0.0356292
0.0347655
0.0320962
0.0317841
0.0325304
0.0307993
0.0311311
0.0304621
0.0282757
0.0279182
0.0281209
0.0281513
0.0292444
0.029911
0.0294571
0.0297646
0.0296244
0.0295137
0.0285491
0.0273991
0.0276657
0.0277984
0.0280905
0.0282116
0.0280304
0.0271169
0.0263074
0.0266021
0.0265022
0.0270086
0.0267688
0.027454
0.0269927
0.0260918
0.0261467
0.0269731
0.0258629
0.0261403
0.0277229
0.0280223
0.0267746
0.0257493
0.0260064
0.0258042
