0.00385314
0.00158069
-0.000444979
-0.00199976
-0.00132247
0.000489943
-0.000457834
-0.000680959
-0.00125652
-0.00144254
-0.00182233
-0.00142815
-0.00012615
-4.97059e-05
-0.000486626
-3.65019e-05
0.00138789
0.00103252
-0.000704121
-0.00163005
-0.00150555
-0.000446758
-0.000119501
-0.000412795
0.000193682
-0.000526871
-0.000567964
2.70521e-05
-0.00140195
-0.00222659
-0.00322939
-0.0039655
-0.00382281
-0.00435248
-0.00424305
-0.00343952
-0.00315444
-0.00194723
-0.000384165
-0.000153172
0.000160807
0.000404299
0.000980052
0.000902791
0.00135536
0.00132163
0.00134372
0.000553232
4.6491e-05
-0.000379333
-0.000240703
-0.00017885
-0.00012973
0.00013302
0.000129277
-0.000310116
-4.35227e-05
0.0010083
0.00125401
0.000463488
-0.000338106
0.000116809
0.000524021
0.00106797
0.00199408
0.0021047
0.00137967
-0.000219284
-0.000902559
-0.00249035
-0.00315835
-0.00328158
-0.00191677
-0.00120826
-0.000750952
-0.00122362
-0.00193734
-0.00139816
-0.00178683
-0.00127304
-0.00110901
-0.000562651
-0.00010547
-0.00015877
0.000609847
0.000971885
0.000427219
0.00110288
0.000838524
3.44741e-06
-0.000403994
-3.22635e-05
-0.000188275
0.00065599
0.00116228
0.00234886
0.00186609
0.0014555
0.00117317
0.000960497
0.00077817
0.000220966
-0.000495872
0.000311696
9.17207e-05
-0.000655798
0.000979002
0.000528919
0.00073763
0.000274485
0.000581701
0.000239298
0.00159106
0.00100186
0.00106514
0.000401245
-0.000173321
-0.000589933
-0.000805203
-0.00122374
-0.000670352
-0.000789389
-0.00108698
-0.00146529
-0.00175903
-0.00161323
-0.00144652
-0.00252062
-0.00208886
-0.00168001
-0.000338196
-0.000830007
-0.00123183
-0.00181879
-0.00155444
-0.00129463
-0.00215684
-0.00194124
-0.00279206
-0.00377483
-0.00346599
-0.00289359
-0.00270033
-0.00287207
-0.00275706
-0.00280456
-0.00345402
-0.00358706
-0.00310108
-0.00370219
-0.00321446
-0.00233244
-0.00190777
-0.00165004
-0.00146069
-0.000351849
-0.000817037
0.000128661
-7.714e-05
-0.000440218
-0.000803394
-0.00133888
-0.00183202
-0.00156445
-0.00252881
-0.00288612
-0.00285708
-0.00309182
-0.00389334
-0.00385577
-0.00441542
-0.00523276
-0.0044666
-0.00400001
-0.00211157
-0.00189931
-0.00197835
-0.00227384
-0.00251438
-0.00269329
-0.00269827
-0.00264078
-0.00342291
-0.00342715
-0.00255907
-0.00103029
-0.00103953
-0.000769791
-0.000868884
-0.00205557
-0.00169604
-0.00196307
-0.00251191
-0.00215896
-0.0023275
-0.00175714
-0.00167405
-0.00264803
-0.00261679
-0.00269884
-0.00327008
-0.00252347
-0.00194736
-0.00139349
-0.00150932
-0.00186709
-0.00137685
-0.000791489
-0.000467806
0.000103652
3.23568e-05
-0.000687958
-0.00126862
-0.00151912
-0.00154537
-0.000409307
-0.00020268
-0.000202553
0.00021667
-0.00131684
-0.00144049
-0.00175838
-0.00153269
-0.00122746
-0.00197782
-0.00200447
-0.000645553
-3.40922e-05
0.00016631
-0.000518744
-0.00189916
-0.00351698
-0.0031888
-0.00330644
-0.00322833
-0.00376087
-0.00300135
-0.00339176
-0.0027278
-0.00149104
-0.00113728
-0.00120132
-0.00131347
-0.000262969
-0.000506611
2.28066e-05
0.000519308
0.000389689
0.00134511
0.00194406
0.00168148
0.00143285
-0.000356645
-0.00226081
-0.00333202
-0.00320024
-0.00382297
-0.00343526
-0.0025555
-0.00206301
-0.00160267
-0.00148829
-0.00146563
-0.00130483
-0.00210347
-0.00217017
-0.00189074
-0.00219607
-0.00265671
-0.00373037
-0.00435303
-0.00441462
-0.00345017
-0.00324165
-0.00393599
-0.00457716
-0.00550206
-0.00551905
-0.00440271
-0.00423727
-0.00385901
-0.00388085
-0.0033955
-0.00290752
-0.00225561
-0.00150315
-0.000134787
0.000772641
7.19849e-05
-0.000394214
-0.000383901
-0.000608325
0.00065948
0.000427554
-0.00109723
0.00027995
-0.000679689
-0.000988437
0.000679228
-0.00239245
-0.00182138
-0.0033184
-0.00458681
-0.00446924
-0.00400678
-0.00423445
-0.00351253
-0.00326126
-0.00600202
-0.00249771
-0.00519685
-0.00596014
-0.0032801
-0.00982
-0.0232995
-0.026523
-0.000636576
0.0130496
0.0114008
0.000824464
-0.0126291
-0.0194717
-0.0116311
-0.00452271
-0.0117072
-0.0148999
-0.00237191
0.00577425
0.00852492
0.0142038
0.022599
0.0347511
0.05153
0.076051
0.0823944
0.0842742
0.0904148
0.0932589
0.095047
0.0986075
0.0983595
0.107555
0.115804
0.118031
0.118578
0.11984
0.121635
0.120217
0.120044
0.122741
0.120908
0.116221
0.115893
0.118292
0.116319
0.114718
0.115712
0.114401
0.112545
0.114675
0.11798
0.121808
0.117632
0.102162
0.073075
0.0401076
0.0262082
0.0237064
0.0255566
0.0330781
0.0417921
0.0350159
0.0117103
-0.0115128
-0.0338492
-0.0577746
-0.0642155
-0.0577911
-0.0661118
-0.0814202
-0.0878283
-0.0950609
-0.100713
-0.104086
-0.0823994
-0.0613118
-0.091362
-0.0970521
-0.0909214
-0.0803585
-0.0711071
-0.0645309
-0.0573301
-0.0430146
-0.0321402
-0.0284627
-0.0230637
-0.0205548
-0.018933
-0.0146093
-0.00815856
0.00493688
0.0137824
0.0192452
0.0206235
0.0206191
0.0262462
0.0323929
0.0384749
0.0393091
0.0368148
0.0380859
0.0405502
0.0427723
0.0409611
0.0371667
0.0306265
0.0273085
0.0260184
0.0179867
0.00499089
-0.0142472
-0.0310824
-0.0241979
-0.018202
-0.034677
-0.0432873
-0.0386609
-0.0238601
-0.0114024
0.000122699
0.019299
0.0427128
0.0540468
0.0569919
0.0577771
0.0532363
0.0495472
0.0453698
0.0486503
0.0483794
0.0452759
0.040854
0.0366052
0.0356159
0.0437283
0.0487298
0.052009
0.0490716
0.0445104
0.0399856
0.0362038
0.0336324
0.0266963
0.0235774
0.0230667
0.0260896
0.0246966
0.0225046
0.0181331
0.0167421
0.0164324
0.0136274
0.0118527
0.00882074
-9.88786e-05
-0.00491993
-0.00223681
0.00408588
0.00714866
0.00124771
-0.00622351
-0.0130443
-0.0209203
-0.0258684
-0.0243986
-0.0163082
-0.012008
-0.0103345
-0.0127025
-0.016201
-0.017983
-0.0199038
-0.0185752
-0.0145994
-0.00786568
-0.00294628
-0.00144306
-0.00485589
-0.00459881
-0.00483123
-0.00406897
-0.000947694
0.000419378
0.00553577
0.00975932
0.0210767
0.0142594
-0.00340807
-0.0211172
-0.0344483
-0.0491846
-0.0613041
-0.0691443
-0.0800364
-0.086437
-0.0884006
-0.0894301
-0.0987577
-0.109026
-0.107167
-0.121355
-0.127971
-0.135945
-0.1418
-0.149081
-0.15281
-0.157601
-0.158875
-0.156465
-0.15097
-0.14604
-0.140301
-0.137296
-0.124719
-0.111101
-0.103378
-0.10027
-0.0994574
-0.0983144
-0.0931069
-0.0819539
-0.0737032
-0.0693392
-0.0653722
-0.0548564
-0.0427531
-0.0283756
-0.0170206
-0.0023926
0.0146436
0.0328921
0.0581908
0.0785324
0.0806165
0.0786246
0.082185
0.0877163
0.10149
0.120691
0.120796
0.109571
0.0988323
0.101457
0.11206
0.110498
0.102145
0.0998155
0.093433
0.0829739
0.0760597
0.0726716
0.0696761
0.0662816
0.0570296
0.0544521
0.0514434
0.0506033
0.0503954
0.050948
0.0500049
0.0470714
0.0465348
0.0457779
0.0445471
0.0433848
0.0406223
0.0351715
0.0315036
0.0295447
0.0242875
0.028682
0.0335688
0.0320896
0.0291366
0.0295392
0.0308046
0.0317926
0.0357044
0.034915
0.0313391
0.0258862
0.0252122
0.0236237
0.0214258
0.0186802
0.0200455
0.0185412
0.0174797
0.0169974
0.0109239
0.00283954
-0.000695791
-0.00233764
-0.00882641
-0.00907488
-0.0163879
-0.0277196
-0.0344259
-0.033398
-0.0362436
-0.0328443
-0.0289059
-0.0282138
-0.0260351
-0.0272178
-0.0346727
-0.0402576
-0.0429007
-0.0477071
-0.0541853
-0.0591765
-0.0613766
-0.0608643
-0.0581653
-0.0527536
-0.0490405
-0.0430056
-0.044476
-0.0499441
-0.0470793
-0.0413007
-0.0322763
-0.0362209
-0.0374716
-0.0358883
-0.0439777
-0.0426835
-0.05124
-0.0492829
-0.0403691
-0.0397338
-0.0437139
-0.0499396
-0.0534626
-0.0516
-0.0509465
-0.0501168
-0.0487195
-0.0546491
-0.0527786
-0.0567849
-0.0561315
-0.0512728
-0.0495797
-0.0493603
-0.0499815
-0.0511947
-0.051005
-0.046819
-0.0503805
-0.0555333
-0.0568148
-0.056895
-0.0558466
-0.0563661
-0.0582565
-0.0591269
-0.060339
-0.0603896
-0.0581227
-0.0535191
-0.0496494
-0.046571
-0.0438734
-0.0429296
-0.0418214
-0.0397849
-0.0401604
-0.0379006
-0.0363384
-0.0363668
-0.0364173
-0.0346364
-0.0340032
-0.0313735
-0.031172
-0.031307
-0.0291153
-0.0271343
-0.0260575
-0.0262663
-0.024318
-0.0238636
-0.0230156
-0.0237553
-0.0230415
-0.0214814
-0.019821
-0.0212114
-0.0193899
-0.0175148
-0.0162316
-0.0155184
-0.0162051
-0.0155249
-0.0155443
-0.0158659
-0.0160408
-0.012744
-0.0124988
-0.0119402
-0.0102223
-0.0079111
-0.00559485
-0.00516604
-0.001424
-0.00249007
-0.00442483
-0.0051597
-0.00439518
-0.00613692
-0.0101815
-0.0107584
-0.0118089
-0.014247
-0.015976
-0.0168765
-0.015646
-0.014618
-0.0147915
-0.0186443
-0.0261495
-0.0383995
-0.0546352
-0.0500967
-0.0498948
-0.0600758
-0.0758918
-0.0807811
-0.0842651
-0.077442
-0.070248
-0.0679085
-0.0747875
-0.076068
-0.0845805
-0.0846369
-0.0806617
-0.0771251
-0.069209
-0.0794655
-0.0787519
-0.07131
-0.0635693
-0.0608255
-0.0592549
-0.0601042
-0.0564332
-0.0540723
-0.0488165
-0.0465372
-0.0452035
-0.0430185
-0.0422012
-0.0405189
-0.0374518
-0.0353644
-0.0343573
-0.0305694
-0.0283575
-0.0277694
-0.0248566
-0.0225333
-0.0233168
-0.0195773
-0.018252
-0.0177376
-0.0158129
-0.0135606
-0.0126422
-0.0117327
-0.0126939
-0.0147735
-0.0150867
-0.0158996
-0.015098
-0.0132871
-0.0123086
-0.0117719
-0.0118803
-0.0114232
-0.0133236
-0.0138593
-0.0122525
-0.01049
-0.0104529
-0.0109786
-0.0125968
-0.0122538
-0.0140218
-0.0150445
-0.014297
-0.0127265
-0.0118575
-0.0111682
-0.0102725
-0.0105562
-0.0118893
-0.0102443
-0.0114375
-0.0118831
-0.0122687
-0.013502
-0.014853
-0.0155908
-0.0158527
-0.015906
-0.0149298
-0.0133991
-0.0128684
-0.0137432
-0.0155611
-0.0157675
-0.0157657
-0.0152375
-0.0153742
-0.0144723
-0.0132621
-0.0139036
-0.0134248
-0.0134036
-0.0157543
-0.0171817
-0.0185835
-0.0188247
-0.0178504
-0.0170346
-0.0174857
-0.0174075
-0.0168293
-0.0164356
-0.0148009
-0.0148403
-0.0151037
-0.0207192
-0.0199611
-0.0315466
-0.0357225
-0.0426644
-0.046561
-0.0531654
-0.0549825
-0.051101
-0.0461887
-0.0475572
-0.0529382
-0.050404
-0.0546427
-0.0594792
-0.0620242
-0.0644651
-0.0671558
-0.0703565
-0.0750268
-0.0744578
-0.0772008
-0.0820456
-0.0832016
-0.0846033
-0.0871182
-0.0905625
-0.0927617
-0.0950974
-0.0982762
-0.100969
-0.104012
-0.100184
-0.0985492
-0.098031
-0.100999
-0.105121
-0.108021
-0.11059
-0.11382
-0.116704
-0.117926
-0.117124
-0.116434
-0.118685
-0.121998
-0.122072
-0.122299
-0.123241
-0.127432
-0.127934
-0.127208
-0.125445
-0.124789
-0.128554
-0.129504
-0.128343
-0.126647
-0.125508
-0.124385
-0.124352
-0.122898
-0.123214
-0.122774
-0.120907
-0.119724
-0.118157
-0.118361
-0.118449
-0.118874
-0.119511
-0.121309
-0.120863
-0.121478
-0.120347
-0.117963
-0.117287
-0.116377
-0.115454
-0.114642
-0.116512
-0.118003
-0.117259
-0.118781
-0.119604
-0.118764
-0.118289
-0.118055
-0.120055
-0.121257
-0.121399
-0.121743
-0.118095
-0.111103
-0.0947948
-0.067866
-0.0307773
0.0243663
0.0717125
0.143071
0.199956
0.254286
0.291022
0.344828
0.402368
0.434239
0.461596
0.481386
0.50419
0.534319
0.556139
0.567647
0.574847
0.577367
0.577396
0.583429
0.59113
0.592428
0.592257
0.591887
0.594143
0.594937
0.597199
0.597274
0.595087
0.597558
0.600931
0.60079
0.598089
0.59794
0.598414
0.598737
0.601064
0.601419
0.598372
0.599294
0.600364
0.600854
0.60096
0.601581
0.604062
0.60628
0.606586
0.605517
0.601553
0.6006
0.599748
0.597568
0.59173
0.58275
0.571249
0.558849
0.541235
0.51469
0.487682
0.455545
0.411669
0.350967
0.296893
0.258848
0.230644
0.205292
0.183888
0.175194
0.140191
0.0885649
0.0394895
0.000638129
-0.0422926
-0.0875135
-0.147095
-0.23048
-0.308067
-0.371749
-0.403455
-0.436487
-0.470165
-0.523893
-0.570604
-0.605075
-0.634668
-0.658475
-0.682381
-0.698266
-0.72529
-0.754632
-0.775003
-0.770729
-0.753422
-0.750637
-0.753919
-0.748436
-0.721382
-0.701166
-0.67663
-0.643586
-0.618384
-0.605958
-0.591571
-0.575981
-0.556977
-0.529691
-0.496997
-0.470355
-0.45104
-0.436055
-0.411579
-0.38405
-0.352891
-0.338803
-0.332722
-0.316864
-0.295298
-0.270855
-0.244863
-0.228956
-0.212628
-0.200969
-0.181403
-0.163554
-0.157942
-0.155377
-0.148591
-0.144113
-0.147484
-0.158518
-0.170722
-0.165291
-0.16375
-0.182367
-0.193636
-0.201937
-0.199348
-0.186409
-0.18234
-0.185712
-0.179695
-0.176498
-0.173183
-0.17255
-0.172497
-0.16974
-0.164143
-0.156976
-0.149638
-0.136236
-0.126266
-0.126069
-0.120838
-0.123499
-0.13244
-0.135197
-0.131652
-0.137551
-0.15231
-0.158159
-0.154267
-0.141437
-0.127185
-0.121133
-0.121112
-0.122925
-0.114805
-0.102701
-0.105065
-0.11019
-0.113122
-0.112591
-0.103018
-0.0814593
-0.0717072
-0.0660879
-0.0667424
-0.0588942
-0.0483564
-0.0427283
-0.0260053
-0.00163579
-0.00285016
0.00299725
0.0244594
0.033915
0.0279364
0.0150085
-0.00825788
-0.0158294
-0.0254787
-0.0305242
-0.0396711
-0.0517271
-0.0557988
-0.0462829
-0.0395349
-0.0379771
-0.0335391
-0.0353001
-0.0360386
-0.0390963
-0.0264618
-0.0197981
-0.00580346
0.0038354
-0.00271641
-0.0246403
-0.0395645
-0.0446861
-0.049726
-0.0465924
-0.0437032
-0.0444341
-0.0454849
-0.0261605
-0.0165501
-0.0152359
-0.00295172
-0.00169483
-0.0099139
-0.0215691
-0.0255663
-0.0151628
-0.00399774
-0.0127499
-0.0402955
-0.0767723
-0.0788392
-0.0662251
-0.0627567
-0.0495173
-0.0484083
0.00200482
0.0550186
0.0942157
0.0930505
0.0650362
0.0387942
0.0166039
0.004631
-0.0132972
-0.0266366
-0.0347894
-0.0469923
-0.0539989
-0.0427731
-0.0374836
-0.0367361
-0.0367408
-0.0305646
-0.0203968
-0.0106502
-0.00505839
-0.00293675
-0.00122485
0.000469543
0.00241561
0.00432042
0.00936734
-0.00124902
-0.0154782
-0.0307892
-0.0545148
-0.0868186
-0.121321
-0.151525
-0.138712
-0.118917
-0.139418
-0.169078
-0.184079
-0.177085
-0.175818
-0.19359
-0.18026
-0.159975
-0.152288
-0.159654
-0.158215
-0.140561
-0.116916
-0.108872
-0.125073
-0.160477
-0.150879
-0.136727
-0.129015
-0.111834
-0.0592797
-0.0294636
-0.015911
-0.0123646
-0.00428476
0.00276815
0.0190476
0.0137887
-0.00593517
-0.0208623
-0.0335058
-0.0341321
-0.0364198
-0.0410998
-0.0516323
-0.059568
-0.0453685
-0.0363909
-0.0291294
-0.0270682
-0.0265151
-0.0328225
-0.0361696
-0.0364297
-0.0347614
-0.0312447
-0.0310448
-0.0333026
-0.0296829
-0.0276893
-0.0342745
-0.0550807
-0.0751622
-0.0955111
-0.115694
-0.127589
-0.15659
-0.172624
-0.190721
-0.22862
-0.278091
-0.325649
-0.367444
-0.403888
-0.439107
-0.471809
-0.499893
-0.534995
-0.563651
-0.5777
-0.598209
-0.624659
-0.645862
-0.667942
-0.684653
-0.694466
-0.702968
-0.702168
-0.708549
-0.718408
-0.722514
-0.716431
-0.713174
-0.710865
-0.71257
-0.712368
-0.707938
-0.700368
-0.687444
-0.667581
-0.627424
-0.579231
-0.54228
-0.511701
-0.471229
-0.419839
-0.382492
-0.348857
-0.329053
-0.307323
-0.278451
-0.244374
-0.212939
-0.18264
-0.155779
-0.141703
-0.130331
-0.109063
-0.0774261
-0.0655075
-0.0719887
-0.0830489
-0.0796204
-0.0588682
-0.0358626
-0.0283898
-0.0329202
-0.0454646
-0.0411586
-0.033961
-0.0233948
-0.019884
-0.0205076
-0.0271971
-0.0323971
-0.0302457
-0.0203502
-0.0113102
-0.012789
-0.0180523
-0.0243091
-0.0238301
-0.014058
-0.00399538
-0.00374196
-0.0130961
-0.00600992
-0.00929948
-0.011118
-0.0038908
-0.000119468
-0.000366032
-0.00247207
-0.00505934
-0.0146362
-0.00979904
-0.00564323
-0.00528741
-0.00664308
-0.0160163
-0.00763755
-0.0146468
-0.0109799
-0.0148756
-0.00983712
-0.0124106
-0.0102761
-0.0101529
-0.0104148
-0.00969969
-0.00983468
-0.0094607
-0.0109213
-0.011239
-0.0114199
-0.0113978
-0.0106224
-0.0113042
-0.0111746
-0.0115817
-0.0116456
-0.0116225
-0.0111762
-0.0118976
-0.0126531
-0.0138471
-0.0134978
-0.0131536
-0.0127529
-0.0134888
-0.0122881
-0.0120271
-0.0118102
-0.0108862
-0.0105042
-0.0117383
-0.0112863
-0.0101919
-0.00980687
-0.00956927
-0.00948951
-0.00972538
-0.0106564
-0.0113646
-0.0110906
-0.0131818
-0.0118169
-0.0112707
-0.00958596
