0.00090548
0.00734811
-0.00736046
-0.000378228
0.0496692
0.0586701
0.0543419
0.0621129
0.00825255
-0.0240954
-0.0398014
0.0151846
0.0730305
0.0747891
0.110416
0.120659
0.0900582
0.120639
0.11738
0.115783
0.0839076
0.0892836
0.116094
0.0904685
0.0425287
0.0823399
0.112428
0.0623676
0.171502
0.170147
0.161494
0.194068
0.168627
0.0875183
0.00906161
-0.0430626
-0.00200108
0.0392577
-0.012738
0.00589634
-0.0586378
-0.0872721
-0.0294786
-0.0276759
0.0604785
0.069202
0.0753303
0.0760717
0.067766
0.150868
0.111878
0.0529335
0.0424501
0.0211473
-0.0820156
-0.104556
-0.0553467
-0.0066752
0.0673109
0.0904303
0.0700708
0.0659365
0.0691084
0.0304701
0.0291356
-0.0245325
-0.0399335
-0.0726206
-0.0695375
-0.0914735
-0.0713259
0.0261779
0.0220212
0.00924096
0.0223747
0.0407203
-0.0195089
-0.00772275
0.139826
0.0965166
0.033409
0.0619153
0.113727
0.112713
0.00599066
0.00469529
0.0587181
0.0499584
0.0276371
0.0261293
0.0219986
0.0451406
0.0762957
0.0301377
-0.0228838
0.00947979
0.0631456
0.17325
0.178965
0.129667
0.0882655
0.0615111
0.0336496
0.00771808
0.0481427
0.107929
0.065714
0.0319212
0.0286885
-2.13305e-05
-0.0580871
-0.0286353
-0.0677166
0.0493308
0.042239
0.020202
-0.0355844
0.0359765
0.013454
-0.0999386
-0.113634
-0.129365
-0.0471085
-0.00730646
0.0100729
-0.0230751
-0.122373
-0.134228
-0.101671
-0.0475833
-0.0230407
-0.0129025
0.028091
0.0117412
-0.0298389
-0.0154488
-0.0659036
-0.00157168
0.0243725
-0.00822954
0.0153884
-0.0393244
-0.0783757
-0.0918799
-0.073918
-0.0367459
-0.11657
-0.19987
-0.202136
-0.119306
-0.072356
-0.0697718
-0.0978607
-0.134121
-0.0820971
-0.119519
-0.198553
-0.224902
-0.244442
-0.226213
-0.0992814
-0.048045
-0.0153262
0.0510138
0.00975022
0.0149274
0.0616555
0.014395
0.0373291
0.00100867
0.0541769
0.108652
0.0564171
0.0388298
0.0890753
0.0347725
-0.0233531
-0.116741
-0.110076
-0.0972788
-0.11365
-0.181259
-0.156659
-0.159639
-0.187256
-0.22104
-0.168616
-0.194351
-0.181109
-0.265551
-0.264677
-0.214986
-0.191618
-0.203268
-0.216763
-0.243884
-0.163793
-0.0761361
-0.0741418
-0.078676
-0.138675
-0.122402
-0.0480399
0.0538061
0.128372
0.0788426
0.0489785
0.148021
0.194736
0.15707
0.167082
0.163156
0.196282
0.204021
0.10653
0.166995
0.134162
0.115216
0.0961934
0.12232
0.146657
0.216811
0.195885
0.124578
0.14312
0.143379
0.177444
0.124502
0.111014
0.0300211
-0.0150811
0.0125644
-0.0322358
-0.0897052
-0.0679007
-0.0642666
-0.123196
-0.121109
-0.0200418
0.123124
0.0749368
-0.0112787
-0.0377764
-0.131349
-0.125761
-0.0494827
-0.020162
0.0187071
0.0824698
-0.0199023
-0.0423911
-0.0310592
-0.0352301
-0.0174083
-0.0444324
-0.0807686
-0.140164
-0.198436
-0.0959987
-0.130057
-0.0876317
-0.0524421
-0.00759174
0.04493
0.0410873
0.0255789
-0.0462338
-0.0813741
-0.195085
-0.0868035
-0.0478811
0.12841
0.0986916
0.0583026
0.0520831
0.0752541
0.0172205
-0.0444895
-0.0579598
-0.0598712
-0.185605
-0.250998
-0.19674
-0.219926
-0.210284
-0.226877
-0.170235
-0.139218
-0.064982
-0.0164769
0.0493865
0.0399035
0.00518911
-0.0757753
-0.0593886
-0.141661
-0.0195729
-0.0992759
-0.202236
-0.0149067
-0.0700216
-0.108569
0.0172784
-0.0404715
-0.034621
0.0451183
-0.0129252
0.0421791
0.0823851
-0.0147364
0.624923
1.21531
1.40158
1.89344
3.0278
3.31121
2.64441
2.02819
2.39516
2.39639
2.61702
3.13979
3.95775
3.62811
2.79425
2.1316
0.927026
-0.537059
-1.78187
-3.23157
-5.11211
-6.10913
-7.22597
-8.72088
-9.87037
-10.5218
-11.1695
-11.7304
-12.251
-12.2709
-12.1163
-12.3788
-13.2198
-13.4055
-13.3292
-13.2293
-12.9695
-12.6534
-12.4684
-12.2539
-11.8751
-11.4052
-11.3557
-11.2952
-11.1936
-11.0888
-11.0115
-10.7826
-10.7371
-11.2538
-11.9756
-12.622
-13.4967
-12.9443
-12.0157
-11.7377
-12.6236
-13.5166
-13.9841
-14.5361
-14.6291
-13.4665
-11.1883
-9.05911
-6.17318
-4.6401
-5.39542
-4.53428
-1.7551
0.277418
0.410586
0.808136
3.52115
5.27823
5.66461
5.63592
9.07614
9.26206
8.04793
6.3289
4.9718
4.47359
4.62682
3.72236
2.47924
1.76317
1.68876
1.52736
1.34929
1.09682
0.879669
1.17085
1.35026
1.59124
1.98095
2.59798
2.98747
3.2791
3.46409
3.38677
3.32064
3.17702
3.15238
3.23167
3.346
3.61035
4.43213
5.45921
5.92984
6.53153
7.29152
7.61946
7.82328
7.98302
7.96065
8.69287
9.72634
10.796
11.185
10.0171
8.29995
6.13433
2.26304
-1.74941
-5.83574
-8.99569
-10.9852
-10.8286
-9.73524
-8.89379
-8.64551
-9.61469
-10.5444
-11.0966
-11.6331
-11.9305
-12.1449
-12.579
-11.9505
-11.6128
-11.3708
-11.5245
-11.5405
-11.5265
-11.5053
-11.6597
-11.8239
-11.9022
-11.8963
-11.3651
-11.4133
-11.6502
-11.5221
-11.5127
-11.5013
-11.3051
-10.9882
-10.7406
-10.9969
-11.4239
-11.3417
-11.3765
-11.298
-11.0268
-10.5899
-10.5658
-10.6961
-11.0702
-11.5057
-11.2482
-10.8993
-10.5733
-10.2499
-10.1767
-10.3696
-10.5675
-10.7772
-10.7191
-10.397
-10.1075
-10.1061
-10.162
-10.3957
-10.6834
-11.1268
-11.2212
-10.8824
-10.2231
-9.31376
-9.26258
-9.90311
-10.9575
-11.1287
-10.3308
-9.89456
-9.1588
-8.41401
-6.74976
-5.11548
-3.83749
-1.90476
0.512846
2.36003
3.43722
4.03867
5.04762
5.60627
5.50815
5.77521
6.50955
7.00213
6.965
7.14811
8.2014
8.85142
8.86472
8.63919
8.75601
8.72683
8.61657
8.42379
8.20427
8.14319
8.21848
8.76499
10.2856
11.5183
11.7565
11.6345
11.3914
11.2624
10.7882
10.2077
8.37813
5.62474
3.17456
2.08449
1.33209
-0.187613
-1.74956
-2.81386
-2.56772
-1.72521
-1.56961
-2.52173
-3.58341
-4.74749
-6.17777
-7.61511
-8.46581
-9.57093
-10.4228
-11.2112
-12.0259
-12.0318
-11.4522
-10.8056
-10.3184
-9.74148
-9.39722
-8.87422
-8.23767
-7.42126
-6.85743
-6.80213
-6.67499
-6.35093
-5.26537
-4.51887
-4.10464
-3.95489
-3.79674
-3.77094
-3.41103
-2.94332
-3.08505
-3.26177
-3.28331
-3.14651
-3.36042
-3.47883
-3.27118
-3.26073
-3.43857
-3.57983
-3.77088
-4.10591
-3.74778
-3.63287
-4.46819
-4.59017
-3.90633
-3.6456
-3.48353
-3.75595
-4.47918
-4.19096
-3.472
-3.47872
-4.25864
-4.55591
-5.05284
-5.53906
-6.03226
-6.87937
-6.8455
-6.3331
-5.66791
-5.91463
-6.23048
-6.17632
-5.66319
-5.33002
-5.54354
-5.84517
-5.71519
-5.52917
-5.19047
-4.64148
-3.94425
-4.18321
-5.59256
-6.93863
-7.78567
-8.71844
-9.64011
-9.62845
-10.4563
-9.41757
-9.58505
-9.78335
-9.96275
-10.1072
-10.6823
-12.3294
-14.5629
-17.4409
-20.4552
-22.7342
-24.766
-26.5091
-28.6381
-30.8103
-32.646
-34.0485
-35.2355
-36.467
-37.9642
-39.3225
-39.7094
-39.6535
-39.4152
-39.1835
-39.2552
-39.3449
-39.3654
-39.3156
-39.1553
-39.0549
-39.0672
-39.3443
-39.6037
-39.8872
-40.1631
-40.4519
-40.8079
-40.7018
-40.5149
-40.4291
-40.5236
-40.5931
-40.413
-40.1253
-39.8458
-39.621
-39.6655
-39.8352
-39.9382
-39.884
-39.9552
-39.869
-39.89
-40.0436
-40.1696
-40.1655
-39.9752
-39.9429
-40.1497
-40.4034
-40.4329
-40.4151
-40.3308
-40.1852
-40.0352
-39.9427
-40.1103
-40.0936
-40.1116
-40.0395
-40.1322
-40.1723
-40.2001
-40.2094
-40.1247
-40.289
-40.3877
-40.2757
-40.1104
-39.9219
-39.8697
-39.8158
-40.0447
-40.0226
-39.7941
-39.549
-39.6126
-39.9825
-40.3983
-40.5156
-40.5564
-40.7631
-40.7632
-40.7653
-40.7693
-40.572
-39.0452
-37.7322
-36.5465
-35.2
-34.1315
-32.9332
-30.8843
-28.4666
-26.4225
-24.5726
-23.48
-21.7861
-20.0508
-17.0672
-13.5671
-10.4007
-7.28883
-4.67936
-2.13451
0.00835685
2.78695
5.65403
8.65619
11.4719
13.6018
15.305
17.051
18.9074
20.3624
21.6045
22.7711
23.8252
24.7291
25.4515
26.0909
26.7041
27.3533
27.7735
27.9681
28.0783
28.3831
28.6847
28.8259
29.1388
29.3287
29.4455
29.314
29.3725
29.3563
29.437
29.4193
29.496
29.6638
29.6427
29.5587
29.4704
29.5558
29.6032
29.6564
29.5723
29.6541
29.6708
29.446
29.418
29.5601
29.6107
29.6975
29.8892
29.928
29.8273
29.782
29.7679
29.6697
29.6454
29.7599
29.9779
29.9439
29.883
29.9068
29.9281
30.041
29.9239
29.9363
29.953
29.9392
29.8037
29.7812
29.7396
29.7713
29.7457
29.669
29.7117
29.6775
29.7529
29.8305
29.9123
29.9393
30.0309
30.0904
30.0407
30.0115
30.053
29.9183
29.8527
29.7751
29.7897
29.7502
29.8218
29.9992
30.1597
30.2537
30.867
30.702
30.9306
30.3008
29.599
29.3468
29.0355
28.4783
27.7071
27.0747
27.4019
27.5532
27.1039
26.7857
26.7827
26.984
26.9734
26.5448
26.5056
26.6224
26.7749
26.927
27.0213
27.162
27.1699
27.5822
27.7563
27.8479
27.8183
27.99
28.1488
28.4239
28.5471
28.5383
28.3381
28.2859
28.1614
27.9779
27.9779
28.2931
28.5951
28.4721
28.2897
28.1391
28.5022
28.8906
28.9076
28.9213
29.105
29.5331
29.6431
29.4772
29.221
29.1753
29.2612
29.6016
29.77
29.8272
29.8519
29.9678
29.9567
30.0173
30.2364
30.5761
30.7899
30.8938
30.9322
30.8672
30.9101
30.9608
31.0772
31.108
31.1557
31.3263
31.3326
31.2745
31.4169
31.7573
31.8207
31.6961
31.7495
31.8246
31.792
31.7675
31.6128
31.3377
31.1506
31.0202
30.8306
30.3981
30.2709
30.4405
30.5043
30.7444
31.0487
31.5439
31.1862
29.7225
28.3747
25.1903
22.5565
20.3537
18.113
16.0567
14.2765
12.8045
11.3839
10.0978
8.23929
6.52363
5.73667
5.11523
4.57659
4.2087
3.87331
3.85364
3.95287
3.55094
3.51111
3.50958
3.53938
3.66692
3.51371
3.45985
3.26657
3.06054
2.94558
3.0985
3.18848
3.244
3.23379
3.27926
3.2368
3.28226
3.20645
3.27647
3.22055
3.18912
3.07889
3.02561
3.13125
3.27413
3.22769
3.01665
2.88309
2.88706
2.9157
3.05122
3.30226
3.45788
3.43859
3.38511
3.39579
3.49578
3.80726
3.70343
3.16796
3.19434
3.62479
3.62123
3.21736
2.53708
1.43543
0.165292
-0.368623
-0.994321
-1.53916
-1.40062
-1.59942
-2.73433
-3.23069
-2.43455
-1.76117
-0.997658
-0.0551183
1.08313
1.17446
0.941431
1.55755
2.91813
3.38187
3.90227
4.86962
5.12436
5.50159
6.43713
7.80732
8.86901
9.50265
10.1849
11.2069
12.704
13.562
14.7752
17.4467
18.7257
20.0073
22.0199
24.4687
26.7989
29.5555
30.7826
30.06
28.6138
27.7279
27.5441
25.91
22.7796
19.3655
16.0312
12.7635
9.75302
6.92592
3.90961
0.72283
-2.38188
-5.98688
-10.4926
-14.7265
-18.4491
-23.0554
-27.5687
-30.7439
-33.0157
-34.9036
-37.2609
-38.1786
-37.5553
-36.1071
-33.5577
-31.6735
-31.1541
-30.251
-27.6148
-23.6456
-19.9527
-17.0937
-14.2247
-11.5554
-8.95211
-6.18941
-3.48631
-1.52699
-0.223188
0.507908
0.641948
0.440255
0.027367
0.74468
1.12771
0.481858
-1.06096
-1.40649
-0.845433
0.639792
1.60239
1.26857
0.741444
0.722971
2.0661
3.26618
3.07002
3.21272
4.27695
5.24983
5.80716
6.12505
6.50744
7.30855
8.40023
9.43091
9.74
10.2812
11.1209
12.4493
14.4115
15.9576
15.3924
13.2211
11.8855
11.2385
11.2802
11.2284
10.0821
8.39318
7.14073
6.30134
5.85996
4.73716
3.56033
2.36779
1.31534
0.50544
-0.641827
-0.831766
-0.956272
-1.07094
-0.281635
0.0236612
2.01086
3.80832
4.66969
4.13892
3.38702
2.51558
1.23159
0.417023
1.18106
1.961
1.41647
0.307552
1.93105
2.65349
1.36037
2.03384
3.6338
5.7593
7.2684
8.08477
8.22447
8.18384
8.10434
8.0718
9.85692
11.8825
12.38
13.5448
15.3501
13.4994
11.0873
7.67098
5.42397
4.5013
5.37194
4.86989
3.34881
2.31786
1.24666
0.0279971
-0.703196
-1.66972
-2.65979
-2.98214
-2.83946
-3.0377
-3.30127
-3.48779
-3.39077
-3.30188
-2.95127
-2.74137
-2.16025
-1.98012
-1.75314
-1.94035
1.50698
4.40473
4.76422
3.0007
2.43776
3.38414
5.19438
5.69202
5.3797
5.33829
4.21017
1.48292
-2.69189
-1.35099
1.85955
2.471
1.30312
2.36909
5.09567
7.26805
8.92093
10.0064
10.8361
11.5206
12.2467
13.8991
15.3226
16.0988
16.1781
16.8667
16.8469
14.677
12.3391
10.1684
8.51217
6.92185
6.04538
5.24375
4.30117
3.15087
2.48254
1.18649
-1.07269
-2.45797
-3.06145
-4.26371
-5.16931
-5.84366
-5.99456
-5.8467
-5.17934
-4.25484
-3.65781
-3.52313
-3.76586
-3.87122
-3.36411
-2.76132
-2.83326
-2.3177
-1.75751
-1.61166
-0.895966
-0.658616
-0.201779
1.47899
3.61912
4.07943
3.50695
2.31803
1.10329
0.806473
0.579984
0.14032
-0.690883
-1.78299
-2.39213
-2.34519
-1.73373
-1.07886
-0.400517
-0.266901
-0.0705894
0.308532
0.623507
0.968343
1.05298
0.994532
1.10986
1.33843
1.38998
1.04806
0.497397
0.111477
0.251931
0.399288
0.335502
0.436318
0.519578
0.629891
0.354687
-0.271187
-0.561706
-1.42348
-2.57453
-4.94456
-5.88876
-4.91646
-3.46352
-2.64648
-2.12806
-2.36813
-3.01915
-4.12858
-4.92531
-4.48011
-3.26895
-2.66943
-2.99191
-2.77868
-1.42249
0.703507
2.83927
3.81341
4.17532
3.5213
2.9238
3.39508
4.02269
4.61273
4.42944
4.07162
3.47865
3.39903
3.69335
3.84343
3.8358
3.42113
3.35194
3.42578
4.15652
4.54444
4.16817
3.6854
2.73464
3.04226
3.62527
4.11645
4.0887
4.38269
4.81962
5.24885
5.42334
4.66436
3.16595
2.66995
2.22315
1.80723
1.71775
1.59246
0.997712
1.0441
0.747862
0.582736
0.602579
0.571659
0.411682
0.413792
0.483243
0.376153
0.410779
0.373467
0.230033
0.214704
0.235696
0.241456
0.318771
0.362732
0.327859
0.345969
0.332359
0.320757
0.251222
0.170894
0.189701
0.19732
0.214891
0.219651
0.203439
0.136789
0.0795287
0.0991369
0.0899819
0.122257
0.10222
0.145347
0.108023
0.0420604
0.0435652
0.09729
0.0161171
0.0328397
0.137688
0.150423
0.0574761
-0.0174944
-0.00202866
-0.0195138
