0.0438005
0.0171692
-0.0433665
-0.111711
-0.0770482
0.0286913
-0.0298889
-0.0435127
-0.0801926
-0.0906594
-0.114549
-0.0855355
0.00459683
0.00721562
-0.0251788
0.00534405
0.102327
0.0728055
-0.0503931
-0.112381
-0.0996383
-0.0233899
-0.00125313
-0.0228104
0.0190303
-0.0326358
-0.0349722
0.00677132
-0.0933109
-0.147711
-0.212854
-0.25792
-0.24151
-0.273533
-0.260957
-0.20166
-0.181122
-0.0976513
0.00745397
0.0169439
0.0331004
0.0447242
0.0799008
0.0694677
0.0970151
0.0905805
0.0890097
0.0318113
-0.00319222
-0.0313626
-0.0196081
-0.0140177
-0.00980897
0.00882768
0.00836583
-0.0221996
-0.00277763
0.0700786
0.0844714
0.0271637
-0.0283702
0.00511501
0.0336817
0.070522
0.132663
0.13648
0.0830743
-0.0282814
-0.0720607
-0.177516
-0.216274
-0.217304
-0.116761
-0.066416
-0.0354857
-0.0698535
-0.119376
-0.0804024
-0.107386
-0.0709707
-0.0602096
-0.0232894
0.00632525
-7.11397e-05
0.0511159
0.0727086
0.0315032
0.076776
0.0556069
-0.00367056
-0.0309956
-0.00361791
-0.0139771
0.0450987
0.0785228
0.158021
0.119671
0.088539
0.0680129
0.0532587
0.0412038
0.00346139
-0.044074
0.015088
0.000441739
-0.0501722
0.0655103
0.0324055
0.0463515
0.0135104
0.0351825
0.0110977
0.105034
0.0614039
0.0649514
0.0183397
-0.0202712
-0.046865
-0.0589779
-0.0852007
-0.0438547
-0.0509771
-0.0704411
-0.0950033
-0.113086
-0.100601
-0.0874728
-0.160833
-0.127796
-0.0981257
-0.00539712
-0.0425981
-0.0715876
-0.112132
-0.0924074
-0.073968
-0.133801
-0.116946
-0.174678
-0.239694
-0.213732
-0.171391
-0.15727
-0.168891
-0.160425
-0.16352
-0.208096
-0.215497
-0.180235
-0.221618
-0.186433
-0.125545
-0.0983847
-0.0833331
-0.0730346
0.00085076
-0.036041
0.0266855
0.00822686
-0.019747
-0.0461567
-0.0832783
-0.11613
-0.0955575
-0.16105
-0.182655
-0.177331
-0.19099
-0.243725
-0.237155
-0.272829
-0.325561
-0.267725
-0.233612
-0.103002
-0.0926468
-0.102027
-0.125166
-0.143272
-0.15629
-0.156668
-0.152743
-0.206797
-0.205333
-0.144089
-0.0397273
-0.0449131
-0.0298741
-0.0400291
-0.124162
-0.0983629
-0.116948
-0.154174
-0.128036
-0.139141
-0.0990313
-0.0939951
-0.16183
-0.157879
-0.16227
-0.200449
-0.146651
-0.106913
-0.0701663
-0.0805659
-0.106816
-0.0734645
-0.0346681
-0.0148942
0.0216563
0.0131503
-0.0390104
-0.0793547
-0.0953967
-0.0956635
-0.016197
-0.0038437
-0.00571424
0.0216987
-0.0862532
-0.092716
-0.112699
-0.0949005
-0.0726652
-0.124159
-0.1241
-0.0288468
0.0113428
0.022128
-0.0279291
-0.123595
-0.232208
-0.203529
-0.207651
-0.198877
-0.233213
-0.177686
-0.203954
-0.156726
-0.0719979
-0.0509691
-0.0588104
-0.0690173
0.00165077
-0.0189724
0.0150351
0.0460587
0.0334697
0.0967586
0.13372
0.110909
0.0905759
-0.034478
-0.162761
-0.229648
-0.212713
-0.24973
-0.216915
-0.152662
-0.117877
-0.0866863
-0.0803164
-0.0803041
-0.0704851
-0.126826
-0.130484
-0.110369
-0.131382
-0.162364
-0.234573
-0.273603
-0.273355
-0.203282
-0.188362
-0.236268
-0.278861
-0.339821
-0.336673
-0.256456
-0.244908
-0.219191
-0.221826
-0.189502
-0.15782
-0.115549
-0.0673966
0.0221466
0.0777627
0.0220261
-0.0142724
-0.015719
-0.0328536
0.053692
0.0341215
-0.0729035
0.02373
-0.0437029
-0.064836
0.0507451
-0.164062
-0.119146
-0.219725
-0.301355
-0.285724
-0.248453
-0.260826
-0.207878
-0.190035
-0.378814
-0.131353
-0.319714
-0.368782
-0.178031
-0.625775
-1.52417
-1.70545
0.0713841
0.980198
0.855134
0.106755
-0.844462
-1.30713
-0.748648
-0.281938
-0.770959
-0.998056
-0.280412
0.241419
0.474966
0.826368
1.30593
1.95033
2.96926
4.50649
5.03544
5.2017
5.54925
5.66316
5.73504
5.92686
5.86497
6.43964
6.96743
7.07975
7.07775
7.13265
7.22996
7.1052
7.073
7.24541
7.10367
6.77111
6.74929
6.9156
6.7743
6.66414
6.73831
6.65051
6.52778
6.68508
6.91973
7.18607
6.91691
5.8647
3.88332
1.69639
0.917576
0.936672
1.22964
1.89253
2.5708
2.08407
0.407127
-1.23406
-2.91659
-4.32493
-4.3578
-3.89301
-4.67261
-5.60944
-5.73549
-6.06397
-6.54178
-6.70526
-5.08678
-3.55993
-5.66065
-5.92244
-5.36708
-4.58094
-3.94263
-3.51513
-3.06649
-2.15033
-1.48626
-1.31331
-1.01555
-0.916389
-0.872376
-0.633802
-0.243377
0.600636
1.13496
1.43245
1.45013
1.38401
1.71557
2.08151
2.43991
2.43823
2.21981
2.27428
2.41593
2.54232
2.39183
2.11457
1.65916
1.44561
1.38049
0.868076
0.0443352
-1.18546
-2.22189
-1.63392
-1.19841
-2.30457
-2.81511
-2.3936
-1.34637
-0.595712
0.0173867
1.02957
2.23437
2.90249
3.17482
3.30179
3.1054
2.85003
2.55863
2.75743
2.74075
2.50642
2.18109
1.87513
1.81877
2.38632
2.74448
2.99723
2.80996
2.5136
2.22739
2.00346
1.86407
1.42207
1.24924
1.25195
1.49154
1.41324
1.27896
0.994331
0.921963
0.923148
0.747156
0.644747
0.456906
-0.134773
-0.428787
-0.201359
0.26719
0.495541
0.0918826
-0.410108
-0.853823
-1.35945
-1.65401
-1.50576
-0.913869
-0.607573
-0.493242
-0.66188
-0.903199
-1.01806
-1.13984
-1.03631
-0.757293
-0.298491
0.0216923
0.0974474
-0.164108
-0.160074
-0.186702
-0.141494
0.0650256
0.146735
0.489198
0.764229
1.52584
1.01462
-0.226957
-1.41349
-2.26053
-3.17173
-3.92203
-4.43473
-5.11463
-5.56469
-5.69199
-5.82507
-6.3583
-6.92646
-6.97288
-7.93836
-8.38325
-8.80766
-9.06949
-9.46297
-9.61906
-9.8121
-9.78859
-9.53833
-9.07444
-8.66454
-8.22803
-7.99706
-7.11647
-6.19092
-5.69333
-5.52103
-5.50194
-5.45016
-5.11291
-4.37377
-3.85137
-3.6013
-3.36687
-2.65906
-1.86775
-1.01304
-0.417694
0.412799
1.42738
2.49859
3.9629
5.03433
5.04484
4.91032
5.10321
5.33564
5.96816
6.95862
6.90385
6.20763
5.507
5.65068
6.30544
6.1678
5.59224
5.42461
4.98534
4.29935
3.88108
3.72472
3.60549
3.45974
2.90759
2.81706
2.69036
2.7089
2.76249
2.85545
2.8305
2.66049
2.65186
2.62118
2.55583
2.49581
2.32732
1.97702
1.75491
1.6483
1.31744
1.64703
1.99996
1.90467
1.7082
1.7468
1.84294
1.91729
2.18958
2.1316
1.88562
1.51582
1.48511
1.39199
1.2571
1.08656
1.20332
1.11437
1.05624
1.04105
0.639324
0.107413
-0.0962031
-0.168581
-0.580128
-0.554849
-1.02122
-1.76007
-2.16952
-2.04751
-2.19836
-1.92291
-1.62389
-1.56015
-1.4006
-1.47995
-1.98847
-2.35572
-2.50977
-2.80994
-3.21943
-3.52008
-3.62803
-3.55559
-3.34091
-2.94958
-2.68916
-2.27998
-2.40292
-2.7968
-2.62011
-2.25234
-1.6629
-1.91026
-1.99765
-1.89246
-2.39445
-2.35799
-2.87663
-2.78828
-2.26536
-2.24452
-2.51411
-2.92369
-3.16069
-3.10195
-3.07317
-3.0179
-2.90131
-3.11203
-3.02279
-3.19262
-3.16806
-2.9019
-2.80971
-2.81087
-2.85506
-2.93432
-2.94154
-2.69023
-2.93686
-3.29259
-3.37216
-3.36259
-3.27861
-3.30759
-3.43283
-3.48444
-3.55758
-3.54928
-3.38249
-3.0604
-2.7978
-2.59629
-2.42567
-2.38075
-2.32409
-2.20115
-2.24734
-2.10474
-2.01286
-2.03285
-2.05107
-1.9368
-1.90239
-1.72788
-1.72704
-1.74637
-1.60067
-1.47248
-1.40966
-1.43546
-1.30741
-1.28576
-1.23561
-1.29591
-1.25157
-1.14707
-1.0372
-1.14361
-1.02089
-0.897741
-0.817608
-0.778944
-0.837421
-0.795481
-0.803652
-0.831314
-0.846589
-0.618335
-0.61007
-0.57776
-0.465303
-0.313927
-0.164167
-0.147942
0.100555
0.0062007
-0.141304
-0.198009
-0.147792
-0.272958
-0.55417
-0.583019
-0.647014
-0.808257
-0.91403
-0.958489
-0.853696
-0.767673
-0.767749
-1.02779
-1.53653
-2.35592
-3.43366
-3.18038
-3.14073
-3.72368
-4.6619
-4.98756
-5.20719
-4.89239
-4.42655
-4.14476
-4.33515
-4.36666
-4.68764
-4.67629
-4.45959
-4.2606
-3.83749
-4.20883
-4.25184
-3.90517
-3.48821
-3.26736
-3.13177
-3.13862
-2.9196
-2.78147
-2.48337
-2.35944
-2.29505
-2.17708
-2.13768
-2.0374
-1.85063
-1.73438
-1.68979
-1.4608
-1.33681
-1.31963
-1.14193
-1.00637
-1.082
-0.844459
-0.77443
-0.757084
-0.640465
-0.501905
-0.457123
-0.412865
-0.494774
-0.647864
-0.671748
-0.729661
-0.674456
-0.551028
-0.488789
-0.457855
-0.470787
-0.443434
-0.578159
-0.612744
-0.498759
-0.378879
-0.381495
-0.42231
-0.535572
-0.509422
-0.630107
-0.695238
-0.636295
-0.523423
-0.463399
-0.417978
-0.35921
-0.383505
-0.478349
-0.364543
-0.449308
-0.479766
-0.505114
-0.587693
-0.675704
-0.718755
-0.729135
-0.726117
-0.653213
-0.545784
-0.511324
-0.574427
-0.699357
-0.709033
-0.704566
-0.664856
-0.672381
-0.60838
-0.525199
-0.572378
-0.539864
-0.540104
-0.702489
-0.795977
-0.884957
-0.891883
-0.817108
-0.757264
-0.787303
-0.780039
-0.738765
-0.711832
-0.601139
-0.609605
-0.63274
-1.02287
-0.963769
-1.75956
-2.00802
-2.4437
-2.66145
-3.06882
-3.14065
-2.83058
-2.47178
-2.55542
-2.91299
-2.71883
-2.99692
-3.30924
-3.45639
-3.59513
-3.75021
-3.94048
-4.2318
-4.15649
-4.3154
-4.61796
-4.66121
-4.72543
-4.87115
-5.07993
-5.19934
-5.33032
-5.52068
-5.67483
-5.85225
-5.55397
-5.41891
-5.37038
-5.56777
-5.83927
-6.02039
-6.17471
-6.37189
-6.54331
-6.5986
-6.51597
-6.44829
-6.5911
-6.80326
-6.78686
-6.78413
-6.83336
-7.10603
-7.12021
-7.05417
-6.92029
-6.86932
-7.1246
-7.1781
-7.08661
-6.96358
-6.88358
-6.80608
-6.80531
-6.70789
-6.73402
-6.70579
-6.57955
-6.5039
-6.40448
-6.42812
-6.4417
-6.47586
-6.52228
-6.64601
-6.61165
-6.65193
-6.57069
-6.40663
-6.36621
-6.3089
-6.25038
-6.20083
-6.33755
-6.44136
-6.38703
-6.49218
-6.5459
-6.48269
-6.44466
-6.42359
-6.55673
-6.63679
-6.63878
-6.64949
-6.38628
-5.88117
-4.78508
-2.9857
-0.572914
2.98053
6.20817
10.4753
14.5621
18.0562
20.3599
23.0712
26.1275
28.104
29.5416
30.4179
31.394
32.7973
33.8029
34.2189
34.4018
34.3211
34.1107
34.334
34.7062
34.6803
34.5777
34.4764
34.5708
34.578
34.6921
34.6646
34.4872
34.6383
34.8522
34.8217
34.6187
34.5997
34.6264
34.6442
34.8004
34.8181
34.6029
34.6671
34.7388
34.7688
34.7726
34.8119
34.9784
35.1228
35.1325
35.0501
34.7733
34.7127
34.66
34.5166
34.125
33.5271
32.7701
31.972
30.8303
29.0957
27.3694
25.3233
22.4984
18.574
15.2002
12.999
11.5167
10.2858
9.30438
9.04547
6.96775
3.74209
0.74544
-1.52704
-4.08545
-6.80199
-10.5031
-15.7894
-20.5552
-24.2679
-25.7871
-27.462
-29.2394
-32.3795
-35.0092
-36.8019
-38.2885
-39.4297
-40.6291
-41.3824
-42.8273
-44.392
-45.4049
-44.9572
-43.6911
-43.2201
-43.1811
-42.6199
-40.8573
-39.4427
-37.9107
-35.9746
-34.4074
-33.6367
-32.7723
-31.8446
-30.7058
-29.0074
-26.8961
-25.1989
-24.0271
-23.1334
-21.5619
-19.7336
-17.919
-17.0438
-16.581
-15.7388
-14.5134
-13.1351
-11.7987
-10.9357
-9.99531
-9.30949
-8.37577
-7.40665
-7.18169
-7.25018
-7.11931
-7.13044
-7.60379
-8.58115
-9.66597
-9.50212
-9.49366
-10.8355
-11.5566
-12.0344
-11.8143
-10.9239
-10.5553
-10.6304
-10.1948
-9.94413
-9.6823
-9.62016
-9.60913
-9.40973
-9.02548
-8.55251
-8.08583
-7.24302
-6.62862
-6.65953
-6.32985
-6.56126
-7.198
-7.36701
-7.08205
-7.48036
-8.47479
-8.83369
-8.51924
-7.60291
-6.62179
-6.22669
-6.26508
-6.41778
-5.87563
-5.09114
-5.32075
-5.706
-5.91491
-5.87288
-5.21416
-3.75157
-3.10916
-2.73293
-2.78632
-2.26629
-1.59832
-1.24356
-0.116486
1.45909
1.20094
1.39125
2.67194
3.12502
2.56899
1.57434
-0.109723
-0.681996
-1.33596
-1.62388
-2.16639
-2.95049
-3.20379
-2.53788
-2.04168
-1.8997
-1.55802
-1.63375
-1.63977
-1.76373
-0.859421
-0.340779
0.553346
1.09158
0.530168
-1.01621
-2.00839
-2.27635
-2.51761
-2.21718
-2.00509
-2.04989
-2.08251
-0.710936
-0.132918
-0.117185
0.701678
0.704123
0.0728305
-0.755294
-1.03221
-0.330568
0.394969
-0.234172
-2.09762
-4.49888
-4.44747
-3.47318
-3.17875
-2.17606
-1.97497
1.31992
4.65787
7.02241
6.76832
4.75059
2.86245
1.25699
0.357226
-0.841135
-1.68755
-2.18933
-2.9555
-3.36807
-2.54916
-2.12209
-2.00777
-1.97106
-1.52689
-0.829202
-0.170013
0.197595
0.324533
0.429441
0.529525
0.650425
0.770646
1.12589
0.311767
-0.700569
-1.70657
-3.19242
-5.26494
-7.46935
-9.34365
-8.23299
-6.76052
-8.06523
-9.92559
-10.7074
-9.8976
-9.75294
-10.951
-9.97002
-8.53383
-8.07478
-8.5692
-8.48377
-7.41389
-5.95028
-5.42609
-6.41039
-8.61172
-7.86362
-6.90664
-6.43906
-5.31734
-1.79457
0.0221208
0.594568
0.507373
0.774138
1.02234
1.82028
1.32715
-0.0464951
-1.09561
-1.99519
-2.06349
-2.24085
-2.61615
-3.27041
-3.66695
-2.68685
-2.05092
-1.52241
-1.35231
-1.28197
-1.68086
-1.87966
-1.86815
-1.72836
-1.46722
-1.44145
-1.59242
-1.33311
-1.18385
-1.64043
-3.06053
-4.38069
-5.69359
-6.95499
-7.62109
-9.47541
-10.4059
-11.4706
-13.9027
-17.0811
-20.0609
-22.5874
-24.6957
-26.713
-28.5673
-30.1323
-32.1937
-33.7978
-34.4042
-35.4882
-36.9949
-38.1434
-39.3652
-40.2235
-40.6203
-40.9549
-40.6834
-40.9502
-41.476
-41.6175
-41.0809
-40.7729
-40.5513
-40.6276
-40.5778
-40.2405
-39.698
-38.8005
-37.4469
-34.7435
-31.578
-29.2606
-27.432
-24.9922
-21.8666
-19.6788
-17.7449
-16.7668
-15.6558
-14.0389
-12.055
-10.2471
-8.49982
-6.97925
-6.34336
-5.88316
-4.69835
-2.77883
-2.22859
-2.90531
-3.82772
-3.72214
-2.44989
-1.0516
-0.652839
-1.05646
-1.9749
-1.73089
-1.29107
-0.623578
-0.449586
-0.552173
-1.06109
-1.45057
-1.3154
-0.650318
-0.0581652
-0.19543
-0.583494
-1.03108
-0.99799
-0.325267
0.345881
0.327493
-0.334868
0.132744
-0.116328
-0.250186
0.241465
0.483594
0.44716
0.289705
0.111755
-0.517176
-0.20158
0.0651162
0.0918327
0.00869473
-0.598309
-0.0352021
-0.491718
-0.243642
-0.495596
-0.155554
-0.329222
-0.182606
-0.174187
-0.193542
-0.144679
-0.154354
-0.129226
-0.228256
-0.246467
-0.255728
-0.25125
-0.19602
-0.241805
-0.230722
-0.256123
-0.257853
-0.253494
-0.220893
-0.268472
-0.316915
-0.394369
-0.364567
-0.336926
-0.306745
-0.354846
-0.269656
-0.251329
-0.236805
-0.174101
-0.149864
-0.235518
-0.203399
-0.127989
-0.102992
-0.088547
-0.0850644
-0.101496
-0.165118
-0.21167
-0.189369
-0.328323
-0.228389
-0.188578
-0.0725204
