0.000905294
0.00734744
-0.00736032
-0.000378178
0.049664
0.0586579
0.0543283
0.0620968
0.00823985
-0.0241034
-0.0398044
0.0151807
0.0730202
0.0747742
0.110395
0.12063
0.0900253
0.120603
0.117339
0.11574
0.0838661
0.0892412
0.11605
0.0904258
0.0424896
0.0823026
0.112388
0.0623301
0.171455
0.170095
0.16144
0.194009
0.168564
0.0874607
0.00901419
-0.0430988
-0.00203076
0.039229
-0.0127598
0.00587736
-0.0586491
-0.0872747
-0.0294796
-0.0276761
0.0604711
0.0691883
0.0753111
0.0760483
0.0677397
0.150832
0.111837
0.0528954
0.0424146
0.0211159
-0.0820341
-0.104562
-0.0553473
-0.00667769
0.0673015
0.0904119
0.070047
0.0659112
0.0690811
0.0304441
0.0291089
-0.0245533
-0.0399488
-0.0726281
-0.0695399
-0.091471
-0.0713208
0.0261771
0.0220165
0.00923263
0.0223634
0.0407039
-0.0195229
-0.00773556
0.1398
0.0964853
0.0333786
0.061882
0.113687
0.11267
0.00595362
0.00466314
0.0586843
0.0499243
0.0276039
0.0260962
0.0219667
0.0451076
0.0762594
0.0301028
-0.0229127
0.00945266
0.0631141
0.173206
0.178911
0.129609
0.088209
0.0614583
0.0336018
0.00767651
0.0481022
0.107883
0.0656681
0.0318782
0.0286483
-5.64711e-05
-0.0581134
-0.0286576
-0.067732
0.0493091
0.0422132
0.0201749
-0.0356073
0.0359495
0.0134258
-0.0999576
-0.113643
-0.129367
-0.0471118
-0.00731509
0.0100592
-0.0230896
-0.122379
-0.134228
-0.101668
-0.0475837
-0.0230459
-0.0129118
0.0280747
0.0117211
-0.0298595
-0.0154714
-0.0659214
-0.00159345
0.0243468
-0.00825556
0.0153587
-0.0393516
-0.0783975
-0.0918964
-0.073932
-0.0367614
-0.116579
-0.199868
-0.202123
-0.119294
-0.0723475
-0.0697672
-0.0978562
-0.134113
-0.0820922
-0.119512
-0.198538
-0.224877
-0.244409
-0.226174
-0.0992509
-0.0480258
-0.0153183
0.051006
0.00973666
0.014907
0.0616249
0.0143613
0.0372923
0.000970595
0.0541338
0.1086
0.0563612
0.038772
0.0890082
0.0347069
-0.0234123
-0.116786
-0.110112
-0.0973079
-0.113673
-0.181271
-0.156666
-0.159641
-0.187249
-0.221022
-0.168597
-0.194329
-0.181086
-0.265514
-0.264636
-0.214944
-0.191576
-0.203228
-0.216722
-0.243839
-0.163753
-0.0761086
-0.0741242
-0.0786657
-0.138665
-0.122394
-0.0480399
0.0537903
0.128338
0.0787998
0.0489294
0.147957
0.194658
0.156983
0.166988
0.163059
0.196177
0.20391
0.106423
0.166888
0.134057
0.115113
0.0960951
0.122221
0.146557
0.216702
0.195773
0.12447
0.143013
0.143274
0.177336
0.124397
0.110912
0.0299283
-0.0151653
0.012482
-0.032306
-0.0897622
-0.0679491
-0.0643087
-0.123228
-0.121134
-0.0200691
0.12308
0.0748856
-0.0113276
-0.0378211
-0.131383
-0.125786
-0.0495086
-0.0201914
0.0186719
0.0824234
-0.0199471
-0.0424325
-0.0310995
-0.0352709
-0.0174534
-0.0444775
-0.0808069
-0.140194
-0.198452
-0.0960121
-0.130066
-0.0876425
-0.052458
-0.00761588
0.0448942
0.0410435
0.0255297
-0.0462806
-0.0814165
-0.195114
-0.0868315
-0.0479115
0.128362
0.0986306
0.0582367
0.0520131
0.0751795
0.0171487
-0.0445545
-0.0580187
-0.059925
-0.185643
-0.251019
-0.196751
-0.219929
-0.210281
-0.226867
-0.170224
-0.139211
-0.0649839
-0.0164907
0.0493575
0.0398636
0.00514472
-0.0758171
-0.0594348
-0.141687
-0.0196069
-0.099303
-0.202233
-0.0149289
-0.0700453
-0.108593
0.0172423
-0.0405095
-0.0346614
0.0450668
-0.0129772
0.0421198
0.0823076
-0.0147854
0.624766
1.21508
1.4013
1.89291
3.02759
3.31281
2.62255
2.0093
2.4139
2.45269
2.68306
3.19944
3.96085
3.58744
2.78758
2.13227
0.863463
-0.627287
-1.86288
-3.31299
-5.20398
-6.21779
-7.34802
-8.8604
-9.98722
-10.6073
-11.242
-11.7928
-12.3014
-12.3102
-12.1447
-12.4088
-13.2473
-13.4233
-13.3384
-13.2317
-12.9661
-12.6451
-12.4595
-12.2449
-11.8623
-11.3892
-11.3411
-11.2827
-11.1818
-11.0777
-11.001
-10.7723
-10.7271
-11.2436
-11.9645
-12.6084
-13.484
-12.9384
-12.0282
-11.7733
-12.6453
-13.5095
-13.9724
-14.5624
-14.7552
-13.8015
-11.8013
-9.84056
-7.0873
-5.61279
-6.28865
-5.37253
-2.67845
-0.708489
-0.48617
-0.00240511
2.79635
4.68338
5.29926
5.40936
8.47145
8.64263
7.51878
5.89252
4.59746
4.14696
4.36752
3.55556
2.36977
1.6752
1.6177
1.467
1.30083
1.06316
0.856785
1.16001
1.34396
1.58539
1.97447
2.59153
2.98433
3.27843
3.46531
3.38758
3.31968
3.17677
3.15282
3.23215
3.34468
3.60683
4.42737
5.45547
5.9267
6.53272
7.30636
7.6766
7.94054
8.04746
7.93163
8.71958
9.81288
10.9028
11.282
10.2071
8.58974
6.43569
2.55454
-1.40543
-5.39644
-8.48277
-10.4098
-10.3046
-9.29405
-8.56513
-8.39407
-9.41476
-10.4059
-11.0177
-11.5975
-11.941
-12.1756
-12.6096
-11.9691
-11.6228
-11.3741
-11.5203
-11.5317
-11.5111
-11.4888
-11.6439
-11.8092
-11.8875
-11.8817
-11.3507
-11.3993
-11.6365
-11.5088
-11.4995
-11.4882
-11.2925
-10.9753
-10.7238
-10.9769
-11.4055
-11.3288
-11.3683
-11.2928
-11.0246
-10.5877
-10.5595
-10.6838
-11.0571
-11.493
-11.236
-10.8873
-10.5614
-10.2379
-10.1648
-10.3577
-10.5554
-10.7653
-10.7072
-10.3844
-10.0952
-10.094
-10.1501
-10.3839
-10.6718
-11.1145
-11.2081
-10.866
-10.2184
-9.32925
-9.27558
-9.90125
-11.0405
-11.4182
-10.841
-10.5482
-9.86565
-9.10835
-7.44745
-5.84616
-4.57042
-2.55038
-0.110367
1.82636
2.9892
3.6656
4.72091
5.35116
5.31599
5.64272
6.43363
6.97169
6.96735
7.17335
8.22357
8.89771
8.93215
8.70343
8.80383
8.75596
8.62758
8.42582
8.20543
8.139
8.20972
8.7621
10.3054
11.5712
11.7984
11.6771
11.4726
11.4255
11.0337
10.4212
8.5385
5.83771
3.49118
2.46595
1.74363
0.167849
-1.52278
-2.61846
-2.3373
-1.48914
-1.41842
-2.48854
-3.58142
-4.73293
-6.20088
-7.67139
-8.53619
-9.65716
-10.5239
-11.3162
-12.1234
-12.1042
-11.5171
-10.8606
-10.3627
-9.77322
-9.4185
-8.88748
-8.24512
-7.42513
-6.85849
-6.80087
-6.67196
-6.3474
-5.26287
-4.51659
-4.10137
-3.95224
-3.78917
-3.76026
-3.40175
-2.93503
-3.07561
-3.25113
-3.27229
-3.13378
-3.34953
-3.47081
-3.26545
-3.25325
-3.43078
-3.57189
-3.76273
-4.09529
-3.73836
-3.62396
-4.45902
-4.58399
-3.90503
-3.64643
-3.48559
-3.76147
-4.4826
-4.20026
-3.4889
-3.49316
-4.26264
-4.55704
-5.04821
-5.53054
-6.02315
-6.86798
-6.83487
-6.32727
-5.66419
-5.91067
-6.22822
-6.17684
-5.66589
-5.33249
-5.54333
-5.84209
-5.70995
-5.52477
-5.18597
-4.63906
-3.94347
-4.17799
-5.58331
-6.92591
-7.77403
-8.70739
-9.62912
-9.61811
-10.4452
-9.40842
-9.57412
-9.76596
-9.94424
-10.0884
-10.6633
-12.3097
-14.5409
-17.4164
-20.4285
-22.7059
-24.737
-26.4793
-28.6073
-30.779
-32.6137
-34.0156
-35.2023
-36.4334
-37.93
-39.2879
-39.6725
-39.6166
-39.3782
-39.1469
-39.2189
-39.3088
-39.3295
-39.2796
-39.1195
-39.0191
-39.0314
-39.3084
-39.5668
-39.8501
-40.126
-40.4149
-40.771
-40.665
-40.478
-40.3923
-40.4865
-40.5559
-40.3761
-40.0886
-39.8091
-39.5844
-39.6288
-39.7988
-39.9018
-39.8476
-39.9188
-39.8326
-39.8538
-40.0071
-40.1332
-40.1291
-39.9388
-39.9066
-40.1132
-40.3669
-40.3961
-40.3783
-40.2938
-40.1483
-39.9984
-39.906
-40.0737
-40.057
-40.0751
-40.003
-40.0951
-40.1354
-40.1634
-40.1727
-40.0879
-40.2521
-40.3509
-40.2384
-40.0732
-39.8844
-39.8326
-39.7788
-40.0079
-39.9854
-39.7572
-39.5124
-39.5763
-39.9463
-40.3623
-40.4795
-40.5202
-40.7273
-40.7277
-40.73
-40.7311
-40.5294
-39.0007
-37.6901
-36.507
-35.1615
-34.0968
-32.9027
-30.8578
-28.4446
-26.4058
-24.5592
-23.4694
-21.7758
-20.0419
-17.061
-13.5638
-10.401
-7.28836
-4.68127
-2.14129
-0.00265613
2.77515
5.64225
8.6452
11.461
13.5908
15.2935
17.0391
18.8948
20.3491
21.59
22.7553
23.8087
24.7121
25.4338
26.0729
26.686
27.3348
27.7547
27.9491
28.0589
28.3629
28.6646
28.8057
29.1185
29.3084
29.4252
29.2936
29.3521
29.3356
29.4162
29.3987
29.4753
29.6429
29.6218
29.5379
29.4497
29.5351
29.5825
29.6357
29.5516
29.6334
29.6502
29.4254
29.3973
29.5395
29.5901
29.677
29.8686
29.9073
29.8067
29.7614
29.7473
29.6491
29.6247
29.739
29.9571
29.9232
29.8623
29.8861
29.9074
30.0203
29.9032
29.9157
29.9323
29.9184
29.7829
29.7605
29.7188
29.7506
29.7251
29.6484
29.6911
29.6569
29.7323
29.8099
29.8917
29.9187
30.01
30.0695
30.0198
29.9906
30.0321
29.8975
29.832
29.7545
29.7691
29.7296
29.8008
29.9782
30.1386
30.2325
30.8411
30.6772
30.9067
30.2769
29.5761
29.3245
29.0143
28.4574
27.6855
27.0542
27.3816
27.5325
27.0836
26.7659
26.7635
26.9651
26.9547
26.5263
26.4872
26.6027
26.7555
26.9075
27.0019
27.1427
27.1508
27.5631
27.7372
27.8288
27.7992
27.9708
28.1296
28.4031
28.5265
28.5179
28.3175
28.2653
28.1409
27.9576
27.9577
28.273
28.5749
28.4517
28.2694
28.1189
28.482
28.8703
28.8873
28.901
29.0836
29.5118
29.6217
29.4558
29.1997
29.1534
29.2395
29.5799
29.7481
29.8054
29.8302
29.9461
29.935
29.9956
30.2147
30.5543
30.7681
30.8719
30.9103
30.8453
30.8881
30.9386
31.0548
31.0856
31.1333
31.304
31.3101
31.252
31.3945
31.7349
31.7984
31.6736
31.727
31.8022
31.7698
31.7454
31.5905
31.3157
31.1288
30.9982
30.809
30.3768
30.2496
30.4195
30.4826
30.7236
31.0286
31.5239
31.1628
29.7014
28.3491
25.1679
22.5333
20.3186
18.08
16.0292
14.2447
12.7716
11.3495
10.0678
8.21715
6.50753
5.72478
5.10694
4.57114
4.20565
3.87246
3.85427
3.95486
3.55402
3.51504
3.51419
3.54447
3.67236
3.5195
3.46585
3.27272
3.06678
2.95203
3.10509
3.19516
3.25069
3.24054
3.28595
3.24364
3.28922
3.2134
3.28341
3.22751
3.19612
3.08588
3.03246
3.13807
3.28101
3.23464
3.02358
2.89008
2.8941
2.92277
3.05825
3.30912
3.46464
3.44533
3.39175
3.40227
3.50321
3.81613
3.7149
3.1817
3.21123
3.65183
3.66038
3.25287
2.5637
1.47127
0.195775
-0.349116
-0.984003
-1.5301
-1.3912
-1.58586
-2.71838
-3.21753
-2.42611
-1.75349
-1.01213
-0.0934251
1.01015
1.09947
0.871734
1.49029
2.85836
3.32418
3.84813
4.79489
5.06105
5.46544
6.42133
7.77803
8.8161
9.46327
10.1619
11.1964
12.6935
13.561
14.7733
17.427
18.7048
19.9922
22.0068
24.4565
26.7888
29.5515
30.7937
30.098
28.6842
27.8283
27.6606
26.0325
22.9206
19.5137
16.1692
12.8882
9.86233
7.01979
3.99307
0.79475
-2.31877
-5.93253
-10.4391
-14.6767
-18.4076
-23.0195
-27.5353
-30.7123
-32.9859
-34.872
-37.2333
-38.1344
-37.507
-36.0724
-33.5311
-31.6546
-31.1459
-30.2461
-27.6169
-23.6475
-19.9563
-17.0971
-14.2279
-11.5573
-8.95235
-6.18833
-3.4843
-1.52431
-0.219821
0.513365
0.651106
0.449189
0.0437118
0.760516
1.134
0.498219
-1.00685
-1.35708
-0.855583
0.590343
1.56153
1.27204
0.776076
0.713916
1.96391
3.09022
2.92228
3.10134
4.14201
5.09274
5.65441
5.98985
6.41515
7.2607
8.37216
9.42142
9.76365
10.3341
11.1923
12.5772
14.5413
16.0273
15.659
13.7039
12.3975
11.7721
11.8707
11.8536
10.7606
9.01018
7.69892
6.80005
6.31509
5.14051
3.8853
2.60307
1.49024
0.636723
-0.550532
-0.765536
-0.907571
-1.03622
-0.233846
0.0627864
2.05085
3.79504
4.52232
3.88177
3.14557
2.34972
1.10736
0.320309
1.04437
1.78729
1.23634
0.244378
1.89806
2.59135
1.34231
1.96417
3.47249
5.53551
7.07577
7.97392
8.17182
8.1515
8.08684
8.10109
9.9113
11.8565
12.4058
13.6431
15.6885
13.7004
11.1049
7.703
5.72506
5.05368
5.9738
5.47602
3.88811
2.82838
1.72415
0.443889
-0.345985
-1.37687
-2.46316
-2.82655
-2.70532
-2.92857
-3.22778
-3.45037
-3.37416
-3.29134
-2.941
-2.72968
-2.14963
-1.97094
-1.74165
-1.90592
1.53079
4.38252
4.74735
3.00101
2.42952
3.32631
5.03775
5.71884
5.55
5.27788
3.98118
1.30379
-2.66817
-1.34193
1.5852
2.30256
1.26901
2.3444
4.94642
7.11586
8.87179
10.0444
10.884
11.5021
12.1406
13.8649
15.3513
16.2745
16.5388
17.0207
16.9956
15.0561
13.0254
11.0938
9.56339
7.87972
6.95261
6.16356
5.19722
3.98751
3.15997
1.73424
-0.632312
-2.08808
-2.73068
-4.02506
-4.99564
-5.7154
-5.89694
-5.76355
-5.09596
-4.17931
-3.59706
-3.47724
-3.73006
-3.84222
-3.34115
-2.74118
-2.81486
-2.30311
-1.76309
-1.62779
-0.909127
-0.657738
-0.170796
1.47649
3.6164
4.07633
3.50314
2.32653
1.13117
0.839024
0.603597
0.157661
-0.672014
-1.75149
-2.36312
-2.3189
-1.70341
-1.05331
-0.382366
-0.253418
-0.061944
0.312978
0.623951
0.966279
1.04812
0.988608
1.10285
1.33067
1.38188
1.03972
0.488795
0.101974
0.241734
0.38858
0.323836
0.422548
0.50102
0.61034
0.334957
-0.303657
-0.606252
-1.46121
-2.59106
-4.95997
-5.90756
-4.94796
-3.49701
-2.66967
-2.14549
-2.38345
-3.03102
-4.13555
-4.92739
-4.48124
-3.2709
-2.67459
-2.995
-2.78102
-1.42985
0.697754
2.83072
3.79947
4.16409
3.51041
2.90989
3.38345
4.01311
4.60389
4.42269
4.06661
3.4742
3.39523
3.69002
3.83654
3.82623
3.41479
3.34739
3.42203
4.15334
4.53848
4.15891
3.67821
2.73098
3.03773
3.62244
4.11447
4.08378
4.37708
4.81544
5.24637
5.42236
4.66656
3.16648
2.66921
2.22259
1.80715
1.71853
1.5927
0.998482
1.04483
0.748808
0.583706
0.603677
0.572822
0.412937
0.41512
0.48462
0.377583
0.412246
0.374967
0.231566
0.216264
0.237275
0.243051
0.320371
0.364331
0.329461
0.347571
0.333962
0.322363
0.252835
0.172519
0.191329
0.198947
0.216518
0.221279
0.20507
0.138429
0.0811827
0.100802
0.0916575
0.123942
0.103914
0.147041
0.109723
0.0437748
0.0452921
0.0990229
0.0178623
0.0345904
0.13943
0.152156
0.0592106
-0.0157575
-0.000287381
-0.0177627
