0.043796
0.0171635
-0.0433679
-0.111703
-0.0770351
0.0286983
-0.0298817
-0.0435041
-0.08018
-0.0906415
-0.114525
-0.0855088
0.00461756
0.0072308
-0.0251644
0.00535459
0.102325
0.0727976
-0.0503949
-0.112372
-0.0996234
-0.023376
-0.00124178
-0.022801
0.0190336
-0.0326297
-0.0349647
0.00677579
-0.0933003
-0.14769
-0.21282
-0.25787
-0.24145
-0.273464
-0.260882
-0.201586
-0.181047
-0.0975843
0.00750579
0.0169816
0.0331278
0.0447417
0.0799059
0.0694649
0.0970038
0.0905632
0.0889881
0.0317916
-0.00320706
-0.0313723
-0.019613
-0.0140197
-0.00980913
0.00882652
0.00836355
-0.0221995
-0.00277749
0.0700734
0.0844594
0.0271517
-0.028376
0.0051108
0.0336761
0.0705119
0.132643
0.136452
0.0830458
-0.0283001
-0.0720675
-0.177504
-0.216244
-0.21726
-0.116715
-0.0663731
-0.0354478
-0.0698162
-0.119334
-0.080361
-0.107346
-0.0709313
-0.0601731
-0.0232572
0.00635154
-4.97883e-05
0.0511298
0.0727142
0.0315063
0.0767739
0.0556031
-0.00367048
-0.03099
-0.00361034
-0.0139667
0.0451063
0.0785263
0.158013
0.119658
0.0885238
0.0679983
0.0532456
0.0411934
0.00345664
-0.0440699
0.015094
0.000449525
-0.0501586
0.0655192
0.032414
0.0463582
0.0135186
0.0351906
0.0111071
0.105037
0.0614038
0.0649497
0.0183412
-0.0202638
-0.0468507
-0.0589563
-0.0851691
-0.0438204
-0.0509397
-0.0704031
-0.0949613
-0.113038
-0.100549
-0.0874197
-0.160771
-0.127731
-0.0980604
-0.00534027
-0.0425446
-0.0715338
-0.112075
-0.0923508
-0.0739114
-0.133741
-0.116882
-0.174607
-0.239613
-0.213643
-0.171301
-0.15718
-0.168801
-0.160335
-0.163429
-0.208
-0.215396
-0.180134
-0.221514
-0.18633
-0.125446
-0.0982924
-0.0832473
-0.0729543
0.000920262
-0.0359765
0.0267402
0.00827566
-0.0197004
-0.0461111
-0.083229
-0.116074
-0.0954968
-0.160983
-0.182579
-0.177247
-0.190902
-0.243627
-0.237052
-0.272716
-0.325436
-0.267597
-0.233485
-0.102885
-0.0925406
-0.101928
-0.125072
-0.143177
-0.156195
-0.156571
-0.152647
-0.206697
-0.205229
-0.143986
-0.0396346
-0.0448293
-0.0297996
-0.0399599
-0.124096
-0.0982947
-0.116875
-0.154095
-0.127957
-0.13906
-0.0989529
-0.0939197
-0.16175
-0.157796
-0.162184
-0.200356
-0.146559
-0.106823
-0.0700812
-0.0804847
-0.106738
-0.0733906
-0.0345961
-0.0148269
0.021712
0.0131998
-0.0389609
-0.0793021
-0.0953396
-0.0955976
-0.0161381
-0.00378851
-0.0056623
0.0217451
-0.0862027
-0.0926614
-0.11264
-0.0948388
-0.0726019
-0.124091
-0.12403
-0.0287826
0.0113987
0.0221769
-0.0278792
-0.123536
-0.232134
-0.203444
-0.207557
-0.198778
-0.233108
-0.177581
-0.203847
-0.156621
-0.0719011
-0.0508827
-0.0587312
-0.0689425
0.00171566
-0.0189128
0.0150871
0.0461024
0.0335081
0.0967877
0.133739
0.11092
0.0905839
-0.0344615
-0.162727
-0.229593
-0.212641
-0.249643
-0.216817
-0.152568
-0.117784
-0.0865986
-0.0802329
-0.0802243
-0.0704082
-0.126747
-0.130403
-0.110288
-0.131298
-0.162276
-0.234476
-0.273495
-0.273236
-0.203163
-0.188243
-0.236144
-0.27873
-0.339679
-0.336524
-0.256308
-0.244761
-0.219047
-0.221682
-0.189364
-0.157688
-0.115426
-0.0672843
0.0222411
0.0778398
0.0220948
-0.0142083
-0.0156585
-0.0327936
0.0537444
0.0341724
-0.0728453
0.0237949
-0.043639
-0.064758
0.0508194
-0.163992
-0.119071
-0.219636
-0.301251
-0.285606
-0.24833
-0.260702
-0.207749
-0.189911
-0.378675
-0.131215
-0.319705
-0.368771
-0.177991
-0.625744
-1.52375
-1.71463
0.0191793
0.887745
0.767148
0.0129368
-0.941311
-1.40911
-0.845269
-0.420954
-0.955908
-1.22435
-0.588497
-0.130215
0.0773037
0.403561
0.855716
1.52712
2.57114
4.13027
4.68816
4.89521
5.27894
5.43003
5.53497
5.76477
5.73779
6.33703
6.87694
7.00878
7.02426
7.09334
7.20407
7.0907
7.06398
7.24016
7.10337
6.77569
6.7527
6.91763
6.77556
6.66452
6.73787
6.64968
6.52647
6.68403
6.92104
7.19189
6.92788
5.8696
3.86847
1.66654
0.91174
0.936731
1.20202
1.8421
2.43201
1.78309
-0.101553
-1.86982
-3.74739
-5.12422
-4.87076
-4.39514
-5.37276
-6.33525
-6.22492
-6.39637
-6.99686
-7.13962
-5.4014
-3.75846
-6.1277
-6.30391
-5.5734
-4.63414
-3.91377
-3.47519
-3.04982
-2.10776
-1.42091
-1.25333
-0.978221
-0.893646
-0.859651
-0.625828
-0.237851
0.599204
1.13055
1.42544
1.44127
1.37269
1.70496
2.07223
2.43237
2.43339
2.21689
2.27338
2.41612
2.54271
2.39189
2.11303
1.65314
1.43885
1.37736
0.871948
0.0573216
-1.18099
-2.22716
-1.66789
-1.35326
-2.50265
-3.06134
-2.7052
-1.8571
-1.48787
-1.21609
-0.53218
0.203968
0.625044
0.796723
1.03775
1.07479
1.2182
1.3264
1.83774
2.06609
1.94166
1.69485
1.45485
1.44905
2.0773
2.49693
2.79433
2.66521
2.4028
2.14295
1.93685
1.81462
1.38651
1.22404
1.23299
1.47737
1.40314
1.27231
0.991416
0.920711
0.923247
0.748006
0.646765
0.459754
-0.131681
-0.426368
-0.199878
0.270516
0.499671
0.091935
-0.411653
-0.856431
-1.36332
-1.65958
-1.50831
-0.91356
-0.604935
-0.489125
-0.657781
-0.898875
-1.01346
-1.13475
-1.03115
-0.75204
-0.293182
0.0269279
0.102786
-0.15784
-0.153456
-0.180216
-0.135279
0.0709362
0.152267
0.494895
0.768512
1.52267
1.00616
-0.238633
-1.39962
-2.24483
-3.19797
-4.14308
-4.93208
-5.7638
-6.345
-6.54094
-6.78045
-7.34887
-7.87501
-7.92904
-8.91541
-9.31508
-9.63057
-9.77267
-10.1087
-10.1917
-10.2774
-10.1902
-9.92278
-9.41417
-8.9311
-8.456
-8.23769
-7.33235
-6.34841
-5.80334
-5.60629
-5.5613
-5.4903
-5.13913
-4.39165
-3.86536
-3.61141
-3.37266
-2.65332
-1.87439
-1.13425
-0.720727
-0.0744222
0.777197
1.68485
3.03323
3.95391
3.86331
3.73365
4.02695
4.33197
4.98967
6.04821
6.11122
5.59265
5.05468
5.2954
5.9723
5.86767
5.31724
5.15228
4.68942
4.01867
3.61724
3.50814
3.43271
3.31925
2.81885
2.77372
2.67964
2.71895
2.78866
2.88655
2.86342
2.69151
2.67914
2.64448
2.57548
2.51193
2.34007
1.9829
1.75613
1.64713
1.31554
1.64511
2.0005
1.90507
1.70753
1.74934
1.84847
1.92473
2.19771
2.14269
1.89834
1.52765
1.49781
1.40593
1.27183
1.10303
1.22364
1.13143
1.07311
1.0653
0.662172
0.12296
-0.0813788
-0.155438
-0.565291
-0.532994
-1.0049
-1.75175
-2.15785
-2.0248
-2.17412
-1.89484
-1.59356
-1.52805
-1.36184
-1.44692
-1.96438
-2.34023
-2.49153
-2.7905
-3.20191
-3.50749
-3.6172
-3.54196
-3.32517
-2.93466
-2.67311
-2.26231
-2.38405
-2.77623
-2.58989
-2.20938
-1.61284
-1.86516
-1.95396
-1.84825
-2.35522
-2.30864
-2.83338
-2.73051
-2.18237
-2.14346
-2.40431
-2.81196
-3.04723
-2.98088
-2.94635
-2.89042
-2.7844
-3.0265
-2.94391
-3.13863
-3.1233
-2.85516
-2.76765
-2.77466
-2.82617
-2.91352
-2.92226
-2.67439
-2.91912
-3.27331
-3.35372
-3.34551
-3.26217
-3.29214
-3.41834
-3.47032
-3.54427
-3.53663
-3.36935
-3.04531
-2.78222
-2.58098
-2.41067
-2.36649
-2.30991
-2.18771
-2.23378
-2.09133
-1.99973
-2.01965
-2.03793
-1.92429
-1.88939
-1.71503
-1.71468
-1.73434
-1.58875
-1.46049
-1.39778
-1.42383
-1.29546
-1.27412
-1.22402
-1.28381
-1.23964
-1.13501
-1.02505
-1.13164
-1.00922
-0.886497
-0.806678
-0.768136
-0.826394
-0.784429
-0.792567
-0.820227
-0.835333
-0.606942
-0.598762
-0.566508
-0.454233
-0.303325
-0.153425
-0.137221
0.109856
0.0167358
-0.129105
-0.18587
-0.136381
-0.261809
-0.541433
-0.571061
-0.635644
-0.796978
-0.902962
-0.947596
-0.845311
-0.763225
-0.765044
-1.02377
-1.52589
-2.32346
-3.37029
-3.17909
-3.15106
-3.70662
-4.60239
-4.91463
-5.11685
-4.80307
-4.33385
-4.03507
-4.19679
-4.21717
-4.50776
-4.47979
-4.24607
-4.03331
-3.60498
-3.98391
-4.03255
-3.68424
-3.27006
-3.05492
-2.93485
-2.96634
-2.76764
-2.65597
-2.37807
-2.27603
-2.23239
-2.13015
-2.10614
-2.01772
-1.83782
-1.72625
-1.68541
-1.45587
-1.33229
-1.31615
-1.13731
-1.0012
-1.07746
-0.838315
-0.768377
-0.75145
-0.634479
-0.495909
-0.451437
-0.407552
-0.489768
-0.64304
-0.667102
-0.725014
-0.669682
-0.545952
-0.483885
-0.453092
-0.465992
-0.438714
-0.573411
-0.608056
-0.494227
-0.374299
-0.376985
-0.417588
-0.530793
-0.504695
-0.625495
-0.690698
-0.631587
-0.518722
-0.458797
-0.413445
-0.354713
-0.379029
-0.473941
-0.359869
-0.444907
-0.47539
-0.500778
-0.583387
-0.671409
-0.714475
-0.724813
-0.721764
-0.648872
-0.541536
-0.507159
-0.570191
-0.694943
-0.704601
-0.70013
-0.660474
-0.667995
-0.604015
-0.520727
-0.567969
-0.535404
-0.535657
-0.698199
-0.791651
-0.880434
-0.887325
-0.81255
-0.752844
-0.782834
-0.775559
-0.734287
-0.707396
-0.596897
-0.605377
-0.62873
-1.01779
-0.957933
-1.75065
-1.99954
-2.42846
-2.64239
-3.04699
-3.11883
-2.81348
-2.46011
-2.54406
-2.90493
-2.71038
-2.98993
-3.30277
-3.45038
-3.58972
-3.74528
-3.93535
-4.22697
-4.15087
-4.31018
-4.61362
-4.65667
-4.7209
-4.86662
-5.07612
-5.19563
-5.32643
-5.51659
-5.67058
-5.84807
-5.5483
-5.41362
-5.3653
-5.56204
-5.83367
-6.015
-6.16945
-6.36673
-6.53828
-6.59302
-6.51037
-6.44286
-6.58579
-6.79861
-6.7816
-6.77904
-6.82862
-7.1026
-7.11619
-7.04917
-6.91522
-6.86437
-7.11973
-7.1734
-7.08089
-6.957
-6.87701
-6.79988
-6.79961
-6.70233
-6.72876
-6.70047
-6.57339
-6.49774
-6.39834
-6.42249
-6.43635
-6.47084
-6.51754
-6.64176
-6.60734
-6.64761
-6.56622
-6.40221
-6.36189
-6.30463
-6.24602
-6.19649
-6.33248
-6.43599
-6.38202
-6.48672
-6.54113
-6.47948
-6.44097
-6.41861
-6.54884
-6.6283
-6.62926
-6.63733
-6.37256
-5.85992
-4.76561
-2.96513
-0.570036
2.94192
6.16043
10.3898
14.4887
18.0278
20.3938
23.1321
26.1933
28.1819
29.6232
30.5024
31.4718
32.8653
33.8617
34.2679
34.4422
34.3545
34.1384
34.3568
34.7249
34.6959
34.5908
34.4876
34.5805
34.5866
34.6999
34.6716
34.4937
34.6443
34.8577
34.827
34.6239
34.6048
34.6314
34.6491
34.8053
34.8229
34.6077
34.6718
34.7436
34.7736
34.7773
34.8166
34.983
35.1273
35.1371
35.0547
34.778
34.7174
34.6648
34.5213
34.1297
33.5315
32.7744
31.9765
30.8348
29.1003
27.374
25.3277
22.5049
18.5845
15.2121
13.0149
11.5436
10.3242
9.35095
9.09829
7.02129
3.78286
0.778606
-1.49834
-4.06661
-6.7912
-10.4957
-15.7844
-20.5401
-24.2385
-25.7453
-27.4086
-29.1619
-32.2937
-34.9211
-36.6939
-38.1477
-39.2785
-40.4564
-41.1702
-42.6054
-44.1623
-45.1619
-44.6763
-43.3678
-42.8932
-42.872
-42.3198
-40.521
-39.112
-37.5875
-35.6169
-34.0859
-33.3704
-32.5569
-31.6736
-30.5644
-28.8797
-26.7374
-24.9312
-23.621
-22.5867
-20.9013
-18.9398
-17.0298
-16.0718
-15.5266
-14.6311
-13.4113
-12.0793
-10.809
-10.0265
-9.15573
-8.52612
-7.59995
-6.68673
-6.56817
-6.72515
-6.6563
-6.74214
-7.29189
-8.32182
-9.4367
-9.36669
-9.40994
-10.6793
-11.3211
-11.7336
-11.5263
-10.6704
-10.2787
-10.3177
-9.89428
-9.66567
-9.42471
-9.38574
-9.40269
-9.23404
-8.87982
-8.43544
-7.99409
-7.1726
-6.573
-6.60578
-6.26975
-6.52702
-7.17603
-7.32416
-7.00831
-7.45761
-8.51816
-8.96483
-8.70075
-7.79131
-6.83024
-6.46955
-6.59243
-6.77482
-6.179
-5.41604
-5.70302
-6.08493
-6.25396
-6.1826
-5.50627
-4.0194
-3.33554
-2.89828
-2.88631
-2.28043
-1.53866
-1.09517
0.162931
1.77977
1.34455
1.23391
2.34347
2.71682
2.19796
1.26066
-0.439863
-1.08478
-1.75382
-2.01946
-2.49949
-3.26635
-3.51055
-2.8365
-2.31822
-2.14189
-1.77013
-1.80335
-1.76978
-1.84498
-0.902383
-0.316448
0.529336
0.94843
0.293317
-1.1889
-2.07175
-2.20954
-2.33926
-2.07095
-2.0573
-2.18436
-2.11624
-0.69244
-0.309386
-0.351558
0.572542
0.466642
-0.258808
-1.14652
-1.4078
-0.65703
0.126776
-0.452696
-2.26914
-4.62318
-4.43733
-3.36455
-3.11536
-2.02981
-1.66858
1.0397
3.8932
5.80063
5.51837
3.706
2.14588
0.671154
-0.197694
-1.3171
-2.09006
-2.53113
-3.22578
-3.60044
-2.75652
-2.27618
-2.10187
-2.03672
-1.57709
-0.868014
-0.193043
0.184262
0.320862
0.429485
0.53283
0.656034
0.777774
1.14565
0.224371
-0.880789
-1.79543
-3.07769
-5.08746
-7.31615
-9.28238
-8.25228
-6.99066
-8.51995
-10.292
-10.7887
-9.72247
-10.0019
-11.6081
-10.554
-8.99511
-8.72412
-9.45312
-9.38873
-8.23403
-6.64116
-5.9983
-6.88261
-8.99828
-8.16659
-7.19994
-6.79366
-5.67331
-2.04395
-0.164134
0.190198
-0.104522
-0.00549278
0.241873
1.00751
0.599348
-0.689178
-1.69227
-2.57778
-2.57678
-2.70706
-3.09012
-3.69268
-4.00122
-2.98138
-2.3022
-1.73442
-1.51268
-1.38924
-1.73961
-1.90466
-1.87628
-1.72948
-1.46491
-1.43578
-1.58469
-1.3258
-1.1744
-1.64466
-3.08306
-4.40971
-5.74185
-6.97547
-7.60515
-9.45699
-10.4254
-11.4937
-13.9139
-17.0555
-19.9932
-22.5106
-24.6214
-26.6492
-28.5125
-30.0812
-32.1513
-33.7637
-34.3794
-35.4705
-36.9831
-38.1323
-39.3531
-40.2095
-40.6054
-40.9396
-40.6679
-40.934
-41.4587
-41.5994
-41.0624
-40.754
-40.5316
-40.6068
-40.5571
-40.2199
-39.6771
-38.7797
-37.4247
-34.7181
-31.5459
-29.2192
-27.3855
-24.9316
-21.7983
-19.5977
-17.6757
-16.7263
-15.6396
-14.0295
-12.044
-10.2336
-8.48448
-6.96329
-6.32708
-5.86529
-4.67755
-2.75416
-2.20328
-2.88157
-3.81298
-3.71181
-2.43178
-1.02734
-0.628998
-1.03398
-1.95242
-1.71
-1.27077
-0.602126
-0.428615
-0.531867
-1.04107
-1.431
-1.29583
-0.63005
-0.0364225
-0.174542
-0.562933
-1.01095
-0.976664
-0.302234
0.367169
0.34783
-0.318596
0.149367
-0.0969429
-0.229359
0.259734
0.502031
0.46551
0.306961
0.12564
-0.510278
-0.199408
0.0685938
0.0970611
0.0158504
-0.588802
-0.0239348
-0.479111
-0.229536
-0.480425
-0.139518
-0.312446
-0.165283
-0.156435
-0.175434
-0.126297
-0.135765
-0.110471
-0.209364
-0.227462
-0.236629
-0.232077
-0.176796
-0.222542
-0.211432
-0.236811
-0.238524
-0.234151
-0.201544
-0.249111
-0.297537
-0.374968
-0.345152
-0.317503
-0.287321
-0.335416
-0.250228
-0.231901
-0.217377
-0.154679
-0.13045
-0.216105
-0.183989
-0.10859
-0.0836005
-0.0691609
-0.065684
-0.0821213
-0.145738
-0.192285
-0.169988
-0.308935
-0.208995
-0.169181
-0.0531325
