-1.25266
-0.996217
-0.808305
-0.642031
-0.469225
-0.35784
-0.278875
-0.205753
-0.200155
-0.186967
-0.168038
-0.0930418
-0.0200895
-0.000342794
0.046126
0.0676177
0.0505437
0.084601
0.0883789
0.0924136
0.0683657
0.0757434
0.101696
0.0812227
0.0402737
0.0762451
0.103816
0.0607341
0.157823
0.158382
0.152213
0.18169
0.160785
0.0894861
0.019458
-0.0286379
0.00517329
0.0402983
-0.005778
0.00939357
-0.0480016
-0.0750372
-0.0258496
-0.0250083
0.0522625
0.0611901
0.0678031
0.0696082
0.0634161
0.137305
0.104944
0.0532825
0.043736
0.0241102
-0.0671665
-0.0898479
-0.0485179
-0.00654001
0.0587998
0.0804346
0.0641604
0.0612859
0.064738
0.0312273
0.0297632
-0.018042
-0.0328526
-0.0629674
-0.0614227
-0.0820482
-0.0658579
0.0197637
0.0177601
0.00738892
0.0192174
0.0360312
-0.016572
-0.00662709
0.122774
0.0868359
0.0326091
0.0578655
0.104173
0.104876
0.0111922
0.00902723
0.0565496
0.0492026
0.0293998
0.027519
0.0235402
0.0442388
0.0718493
0.0316608
-0.0155505
0.0117952
0.0581362
0.154613
0.161909
0.12103
0.0854194
0.0617104
0.0370802
0.0131763
0.0479862
0.100983
0.0645031
0.0347468
0.0310428
0.00512746
-0.0471523
-0.022918
-0.0577103
0.0447223
0.0391509
0.0202079
-0.0287145
0.0329057
0.0133724
-0.087684
-0.101711
-0.117204
-0.0459054
-0.0108181
0.00509959
-0.0230782
-0.11002
-0.12173
-0.0946952
-0.0476572
-0.0255522
-0.0158792
0.0209054
0.00794925
-0.027831
-0.0150608
-0.0597509
-0.00361556
0.0196567
-0.0084025
0.0122896
-0.0353981
-0.0708867
-0.0836139
-0.0687402
-0.0363149
-0.106952
-0.181646
-0.186151
-0.115113
-0.0739176
-0.0707971
-0.094975
-0.126998
-0.0818152
-0.114614
-0.184761
-0.209277
-0.22862
-0.214336
-0.103097
-0.0562911
-0.0251929
0.0358686
0.00226673
0.00841666
0.0501592
0.0102203
0.0314751
0.000571381
0.0480516
0.0965095
0.0527028
0.0376861
0.0816801
0.0351268
-0.016376
-0.0998635
-0.0965974
-0.0874789
-0.103909
-0.164987
-0.145215
-0.148849
-0.17431
-0.205678
-0.161325
-0.184924
-0.174001
-0.249131
-0.249689
-0.207678
-0.187191
-0.197391
-0.208965
-0.233266
-0.163134
-0.0846432
-0.080506
-0.0828293
-0.134069
-0.119646
-0.0537114
0.0376101
0.106035
0.0657441
0.0414424
0.129861
0.173818
0.143858
0.154847
0.152978
0.183041
0.191396
0.106267
0.158757
0.130052
0.113387
0.0961604
0.11816
0.139731
0.201699
0.185103
0.122636
0.13884
0.139398
0.170384
0.123907
0.111674
0.0395907
-0.00193845
0.0201969
-0.021367
-0.0738433
-0.057348
-0.0558979
-0.108845
-0.109259
-0.0219191
0.104465
0.0648349
-0.0101802
-0.0339893
-0.116187
-0.113363
-0.0473082
-0.0214454
0.0135454
0.0711317
-0.0181668
-0.0386943
-0.0290071
-0.032904
-0.0172766
-0.0409286
-0.0731135
-0.126542
-0.180478
-0.0921515
-0.122076
-0.0856589
-0.0541571
-0.0137226
0.034082
0.0325824
0.0203778
-0.0424484
-0.0740527
-0.17512
-0.0821827
-0.0483567
0.108765
0.0859198
0.0524528
0.0478297
0.0688538
0.0185842
-0.0357393
-0.0489727
-0.0519697
-0.164949
-0.225132
-0.180891
-0.203048
-0.196487
-0.212957
-0.164587
-0.137377
-0.0713235
-0.0267445
0.033931
0.0281346
-0.000408759
-0.0710548
-0.0582149
-0.129041
-0.0254362
-0.092609
-0.180715
-0.0152725
-0.0676289
-0.101248
0.0123127
-0.0397614
-0.0334365
0.0373411
-0.0129083
0.0365051
0.0713571
-0.0126594
0.536823
1.03437
1.20302
1.66356
2.78519
2.96656
2.38403
1.82756
2.14863
2.14177
2.32478
2.77092
3.49403
3.23585
2.54428
1.97055
0.964724
-0.27398
-1.42219
-2.75387
-4.41725
-5.38685
-6.35932
-7.69396
-8.8017
-9.58953
-10.3708
-11.0049
-11.5962
-11.7549
-11.5595
-11.6626
-12.344
-12.5749
-12.582
-12.5455
-12.3372
-12.1219
-11.9752
-11.7754
-11.445
-11.0543
-11.038
-10.9567
-10.8474
-10.7689
-10.6952
-10.4635
-10.3844
-10.8427
-11.517
-12.1241
-13.0706
-12.7498
-11.952
-11.5666
-12.1993
-12.8145
-13.0514
-13.2909
-13.3381
-12.3567
-10.3525
-8.47451
-5.87778
-4.48615
-5.0352
-4.29197
-1.77833
0.0885158
0.223134
0.593921
3.1496
4.69698
5.06857
5.06649
8.92142
9.24767
8.18097
6.59845
5.32274
4.82082
4.93838
4.05467
2.87812
2.17715
2.05454
1.8555
1.64972
1.3859
1.14248
1.33686
1.44757
1.64305
1.98672
2.54346
2.88559
3.1518
3.3193
3.26478
3.21411
3.0933
3.07503
3.14982
3.26422
3.51851
4.30038
5.31002
5.7997
6.42869
7.16751
7.39243
7.48332
7.73126
7.67225
8.17986
8.99021
9.95945
10.4016
9.37768
7.88261
5.99825
2.88542
-0.409129
-4.01574
-7.25457
-9.52374
-9.73503
-8.92761
-8.22265
-8.01185
-8.92279
-9.96099
-10.5414
-11.0292
-11.3147
-11.485
-11.8682
-11.3768
-11.1428
-11.0277
-11.2319
-11.2744
-11.257
-11.2554
-11.3329
-11.4318
-11.4988
-11.5352
-11.0828
-11.1087
-11.3156
-11.2494
-11.2824
-11.3333
-11.1762
-10.8866
-10.5369
-10.5874
-10.8365
-10.7978
-10.9001
-10.9041
-10.7047
-10.2902
-10.167
-10.184
-10.4411
-10.8569
-10.7272
-10.5087
-10.2501
-9.95864
-9.88262
-10.0163
-10.2004
-10.3945
-10.3552
-10.0934
-9.81684
-9.80228
-9.87733
-10.0689
-10.3334
-10.6763
-10.6073
-10.269
-9.76616
-9.05897
-9.06862
-9.58605
-10.3523
-10.342
-9.50294
-9.03085
-8.33181
-7.66611
-6.20556
-4.74692
-3.59475
-1.82845
0.423641
2.15248
3.14721
3.75449
4.75308
5.3607
5.36702
5.6487
6.35501
6.77454
6.71983
6.94649
7.93005
8.51567
8.54087
8.39336
8.52818
8.51523
8.43328
8.29758
8.13986
8.13928
8.294
8.883
10.4009
11.5025
11.6649
11.4341
11.1249
10.9122
10.4106
9.85642
8.23908
5.8416
3.59389
2.49415
1.74213
0.359435
-1.09376
-2.08645
-2.01581
-1.40707
-1.31743
-2.10359
-3.03251
-4.09424
-5.46781
-6.90824
-7.78592
-8.79805
-9.60794
-10.3789
-11.2263
-11.3379
-10.9234
-10.3469
-9.8791
-9.33372
-9.03706
-8.61476
-8.07131
-7.33235
-6.78816
-6.71943
-6.60827
-6.33097
-5.34532
-4.63681
-4.20852
-4.01732
-3.84217
-3.81741
-3.49161
-3.05223
-3.16028
-3.3083
-3.32727
-3.20087
-3.39114
-3.52258
-3.35579
-3.33419
-3.46571
-3.56208
-3.71012
-4.0167
-3.73218
-3.6425
-4.4201
-4.57584
-3.96996
-3.69439
-3.49562
-3.65785
-4.28082
-4.07897
-3.48166
-3.50812
-4.19017
-4.46298
-4.90088
-5.37462
-5.85314
-6.61325
-6.59901
-6.13037
-5.50688
-5.62384
-5.84337
-5.78419
-5.35445
-5.04395
-5.17749
-5.4275
-5.3395
-5.22091
-5.01978
-4.67342
-4.18023
-4.3975
-5.57829
-6.7278
-7.57972
-8.40037
-9.21714
-9.292
-10.1069
-9.32164
-9.60475
-10.09
-10.4251
-10.5758
-10.9204
-11.9661
-13.7383
-16.3219
-19.3512
-21.7375
-23.8031
-25.5843
-27.4961
-29.1031
-30.427
-31.5059
-32.4421
-33.5911
-35.0689
-36.46
-36.9563
-37.0612
-36.9258
-36.8905
-37.2134
-37.5143
-37.6108
-37.6014
-37.3495
-37.1548
-37.0482
-37.1841
-37.4125
-37.6959
-38.217
-38.6417
-38.9522
-38.9017
-38.7204
-38.6422
-38.6994
-38.7411
-38.5876
-38.3641
-38.1539
-37.971
-37.9734
-37.989
-38.0761
-37.946
-38.0161
-37.953
-38.0102
-38.2483
-38.3984
-38.3953
-38.1902
-38.1699
-38.3846
-38.6631
-38.7113
-38.6398
-38.5662
-38.3869
-38.2485
-38.3184
-38.495
-38.4197
-38.3375
-38.3452
-38.4731
-38.6006
-38.6118
-38.4662
-38.3511
-38.3832
-38.48
-38.4622
-38.2956
-38.1613
-38.0659
-38.0586
-38.252
-38.2003
-37.9896
-37.7566
-37.8284
-38.2296
-38.6125
-38.6098
-38.5987
-38.7679
-38.5777
-38.3429
-38.3845
-38.3748
-36.9592
-35.5878
-34.3938
-33.182
-32.0642
-30.9024
-28.996
-26.74
-24.8335
-23.0569
-21.9131
-20.2664
-18.5658
-15.5435
-12.1824
-9.22207
-6.10954
-3.62731
-1.20419
0.643243
3.24299
5.98941
8.80864
11.3467
13.3602
14.9252
16.5978
18.3709
19.7624
20.9539
22.1134
23.2583
24.1695
24.9141
25.629
26.3112
26.9942
27.2889
27.4052
27.5935
27.9058
28.1966
28.2733
28.4235
28.6415
28.7102
28.7123
28.8077
28.9328
28.9426
28.9985
29.077
29.2347
29.2181
29.1496
29.09
29.0986
29.1272
29.1506
29.1126
29.1911
29.204
29.0677
29.0542
29.1192
29.1399
29.2391
29.3887
29.4391
29.3836
29.4237
29.4358
29.3184
29.3458
29.4572
29.6027
29.5387
29.4236
29.3758
29.3622
29.4256
29.3097
29.3782
29.4205
29.3348
29.2271
29.1795
29.2018
29.2774
29.3229
29.3203
29.3199
29.2781
29.3842
29.4273
29.4318
29.3885
29.4894
29.5691
29.5076
29.4796
29.5837
29.5315
29.5178
29.45
29.5088
29.5334
29.7038
29.878
29.9267
29.9451
30.6871
30.4716
30.5994
30.1255
29.5432
29.3815
28.9958
28.2351
27.4658
26.8494
26.9388
26.7787
26.5451
26.557
26.6683
26.7852
26.6611
26.3179
26.3685
26.3367
26.353
26.4225
26.474
26.6154
26.79
27.2245
27.4366
27.5438
27.4795
27.5678
27.7482
28.047
28.1267
28.1241
28.0531
28.0232
27.795
27.6155
27.6032
27.7887
27.8986
27.7267
27.6064
27.5524
27.924
28.2051
28.2103
28.4077
28.6891
28.9232
28.8232
28.7273
28.7009
28.8075
28.8736
29.1382
29.2028
29.3686
29.4932
29.7107
29.7527
29.8192
29.8118
29.8897
30.0333
30.1023
30.1915
30.2802
30.4663
30.6755
30.8119
30.7281
30.7712
30.9095
30.8855
30.9058
31.0471
31.2395
31.2738
31.2762
31.4858
31.5426
31.519
31.4821
31.2929
30.9533
30.758
30.6103
30.3051
29.8834
29.7906
30.0313
30.0313
30.1136
30.0556
29.6122
28.4591
26.776
25.3198
22.5406
20.5209
18.8999
17.0519
15.3099
13.7453
12.3891
11.1099
9.98233
8.31044
6.746
5.99892
5.3923
4.86461
4.47489
4.10494
4.01357
4.05784
3.68642
3.63332
3.58687
3.56313
3.62187
3.46937
3.42102
3.24333
3.04905
2.93385
3.0583
3.12035
3.15709
3.14703
3.18121
3.14293
3.18936
3.11807
3.17779
3.1329
3.10894
3.01287
2.95837
3.03756
3.16668
3.13429
2.9612
2.83622
2.82744
2.84512
2.97401
3.21767
3.36969
3.37341
3.36838
3.42369
3.54318
3.85495
3.7503
3.20644
3.16872
3.47498
3.43075
3.09347
2.51814
1.58867
0.509745
0.0250926
-0.552348
-1.10244
-1.02881
-1.21708
-2.23753
-2.60114
-1.89242
-1.38116
-0.772549
-0.0154382
0.894318
0.898298
0.683933
1.18582
2.2328
2.61705
3.26716
4.36725
4.72581
5.22441
6.18181
7.46951
8.29619
9.14392
9.95003
10.832
12.35
13.6
15.0177
17.2932
18.363
19.8599
22.0566
24.4518
26.7655
29.413
30.1206
28.8263
27.0703
25.898
25.4444
23.7756
20.7508
17.3491
14.0142
10.912
8.15439
5.46022
2.65657
-0.300344
-3.49376
-6.87495
-10.181
-13.322
-16.3741
-20.1215
-24.0001
-27.0703
-29.3641
-30.8766
-32.8489
-34.0396
-33.9508
-32.9375
-30.7644
-29.0109
-28.4426
-27.638
-25.3887
-21.9243
-18.6735
-16.1164
-13.4861
-11.0443
-8.69123
-6.20568
-3.77167
-2.00264
-0.777831
-0.0336791
0.167167
0.0609676
-0.24353
0.443175
0.838137
0.33161
-0.914452
-1.174
-0.628313
0.714913
1.52647
1.22602
0.791751
0.825671
2.14227
3.24971
3.06067
3.25546
4.38711
5.3021
5.74194
6.05917
6.49962
7.50229
8.63849
9.60681
9.94588
10.7997
11.6452
12.7923
14.6304
15.8948
15.089
13.0764
11.9032
11.1978
11.0069
10.9558
9.88303
8.34015
7.16096
6.32328
5.88964
4.85667
3.72827
2.59925
1.60941
0.835126
-0.212016
-0.463816
-0.682523
-0.918027
-0.357751
-0.158783
1.49412
3.08965
4.15283
3.91604
3.32232
2.53732
1.42849
0.711893
1.55535
2.40446
1.80197
0.753529
1.97831
2.45464
1.37736
2.08839
3.58553
5.4546
6.89552
7.79305
8.03588
8.13512
8.09288
8.09905
10.5043
12.5606
12.5863
13.3257
15.0098
13.3633
11.2551
8.37237
6.29348
5.24732
5.81622
5.22494
3.79424
2.78381
1.74261
0.552057
-0.195812
-1.17142
-2.10458
-2.42587
-2.368
-2.62995
-2.96087
-3.18685
-3.13325
-3.07295
-2.78799
-2.63442
-2.15421
-2.01125
-1.81774
-1.98007
1.01584
3.58894
4.0181
2.63392
2.27363
3.25607
4.83734
5.05644
4.82832
5.37662
4.62953
2.22291
-1.31046
0.011999
3.18591
3.41348
2.19637
3.21971
6.16134
8.31859
9.76244
10.5618
11.2401
11.889
12.7597
14.9613
16.1827
16.3639
15.9911
16.8142
16.664
14.5542
12.3425
10.3278
8.79931
7.33828
6.45063
5.60786
4.64335
3.49391
2.80947
1.61081
-0.451773
-1.80277
-2.45751
-3.6257
-4.52296
-5.22581
-5.46587
-5.41051
-4.8811
-4.10256
-3.5819
-3.44917
-3.66285
-3.80184
-3.37545
-2.83402
-2.86309
-2.35067
-1.77919
-1.58708
-0.892169
-0.698772
-0.366678
1.07746
2.89061
3.3848
3.05161
2.13561
1.10767
0.845252
0.652603
0.301664
-0.386975
-1.34908
-1.9414
-1.9815
-1.50409
-0.966452
-0.364799
-0.22242
-0.0448658
0.26983
0.516134
0.798921
0.866851
0.821547
0.925463
1.12282
1.17662
0.907484
0.440603
0.0973511
0.210056
0.330632
0.280738
0.361131
0.41965
0.499059
0.29063
-0.220607
-0.472907
-1.15735
-2.16199
-4.47411
-5.55736
-4.68478
-3.36785
-2.62893
-2.14675
-2.27982
-2.83828
-3.94543
-4.82295
-4.43631
-3.34522
-2.74349
-2.98758
-2.69697
-1.29972
0.602538
2.32582
3.14462
3.58631
3.18565
2.76361
3.28841
3.8374
4.35256
4.2409
4.00168
3.49227
3.39672
3.60712
3.70713
3.68567
3.34789
3.31392
3.38012
4.0188
4.34919
4.04959
3.67944
2.81445
3.00997
3.50312
3.93528
3.90788
4.16174
4.52063
4.86285
4.99538
4.27205
2.97944
2.55347
2.1557
1.78131
1.68352
1.56169
1.03813
1.06907
0.794026
0.635759
0.641931
0.600827
0.451852
0.445006
0.497558
0.397836
0.423011
0.384552
0.254212
0.23517
0.248507
0.250089
0.316042
0.354505
0.323449
0.338818
0.326709
0.31608
0.253919
0.1811
0.195166
0.200307
0.2146
0.217728
0.202912
0.143291
0.0910023
0.105992
0.0961665
0.123009
0.104602
0.141045
0.108432
0.050055
0.0498251
0.0956587
0.0245845
0.0374179
0.129372
0.14215
0.0618784
-0.0061099
0.00605621
-0.0109913
