0.199084
-0.0544289
-0.234662
-0.319467
0.048912
0.355361
-0.21138
-0.0787578
-0.201759
-0.13383
-0.194551
0.0218915
0.288608
0.0269389
-0.116094
0.0991892
0.388386
-0.0264667
-0.438202
-0.290679
-0.0604499
0.212273
0.0847632
-0.0830913
0.147118
-0.182547
-0.0335424
0.139448
-0.41636
-0.288117
-0.409886
-0.382093
-0.17871
-0.342237
-0.189957
0.00388888
-0.102504
0.181603
0.32977
0.0560096
0.0659644
0.0874529
0.189487
0.0213259
0.17379
0.0563991
0.0660001
-0.163439
-0.123965
-0.114882
0.00417361
-0.00460571
0.0124051
0.0941869
-0.00217812
-0.122436
0.0593232
0.300189
0.12721
-0.169697
-0.203751
0.0995236
0.116469
0.19783
0.316649
0.131404
-0.107796
-0.381464
-0.215921
-0.488215
-0.319946
-0.201856
0.216739
0.106592
0.0606554
-0.184331
-0.265376
0.0455676
-0.16927
0.0684451
-0.0077728
0.108106
0.0987094
-0.0196553
0.202217
0.122081
-0.128243
0.195401
-0.0135238
-0.201789
-0.1137
0.0829504
-0.0594747
0.213749
0.166281
0.389913
-0.0031275
0.0149659
3.52336e-05
-0.0034404
-0.0232969
-0.108151
-0.185986
0.202985
-0.0297755
-0.20456
0.411552
-0.0746072
0.0949665
-0.0953526
0.108982
-0.0530338
0.396302
-0.079458
0.074642
-0.139702
-0.154591
-0.119928
-0.0899585
-0.159292
0.0935053
-0.075737
-0.116999
-0.14898
-0.156244
-0.0408476
-0.0509369
-0.383577
-0.000311892
0.0176207
0.310727
-0.136395
-0.152993
-0.216339
-0.0174012
-0.00648362
-0.293663
-0.0564662
-0.345367
-0.414333
-0.107135
-0.00937904
-0.0815858
-0.198458
-0.109268
-0.162989
-0.333127
-0.220623
-0.0565995
-0.32625
-0.0443024
0.0849754
0.000778943
-0.0202445
-0.0255577
0.243907
-0.134459
0.220166
-0.0622665
-0.093596
-0.121341
-0.186016
-0.201521
-0.012492
-0.35431
-0.205781
-0.132082
-0.207507
-0.380027
-0.193212
-0.340468
-0.439703
-0.072026
-0.0971596
0.327112
-0.0556564
-0.111476
-0.202911
-0.18585
-0.162109
-0.136076
-0.112585
-0.357773
-0.168422
0.0748416
0.310097
-0.0395731
0.0472763
-0.0662003
-0.385517
0.000136477
-0.135847
-0.250834
-0.0241879
-0.144588
0.0600858
-0.0633562
-0.367511
-0.132035
-0.149574
-0.294001
0.0434093
0.0295689
0.064989
-0.101428
-0.180648
0.0514136
0.109484
0.0465488
0.146853
-0.00262178
-0.213433
-0.190412
-0.144801
-0.0928436
0.250211
0.0620564
-0.00393389
0.115594
-0.384302
-0.095698
-0.161138
-0.0209971
0.0136839
-0.26781
-0.0867128
0.284099
0.129483
0.0517771
-0.182106
-0.416962
-0.547994
-0.0787762
-0.194731
-0.146712
-0.2904
0.0246563
-0.246595
0.0155842
0.217621
0.0340817
-0.0692264
-0.09485
0.229797
-0.079524
0.13387
0.149269
-0.00167356
0.289045
0.245507
0.0229149
0.0442347
-0.418888
-0.538797
-0.423087
-0.126517
-0.342442
-0.103848
0.0899463
0.00320768
0.0206318
-0.0525242
-0.0518538
-0.013048
-0.275252
-0.127257
-0.0314913
-0.181259
-0.240795
-0.445456
-0.363192
-0.244204
0.0367577
-0.126258
-0.36132
-0.377181
-0.485663
-0.277632
0.0487113
-0.200461
-0.125051
-0.224688
-0.0347896
-0.0264402
0.0343976
0.107436
0.321689
0.255225
-0.147225
-0.113255
-0.00690313
-0.077052
0.314502
-0.0355193
-0.450995
0.310116
-0.373334
-0.0286584
0.520871
-0.694301
-0.0174395
-0.458299
-0.50947
-0.203268
-0.0701379
-0.26881
-0.0458586
-0.0879555
-0.909545
0.714086
-0.966389
-0.452706
0.119115
-2.3956
-4.69107
-2.0729
4.13892
1.56893
-1.52378
-2.50273
-1.81022
-1.3132
1.73295
2.20744
-1.50468
-0.759894
3.8077
3.11177
1.59733
2.47137
3.66954
4.71334
6.02594
8.47178
5.48339
4.49067
5.85243
5.94463
5.60167
5.60473
5.21508
7.48312
7.47598
6.03392
5.84707
5.8354
5.78431
5.54342
6.29012
6.54838
5.23544
4.76462
6.14705
6.97462
6.14004
6.22929
6.4937
5.93025
5.78262
6.67525
7.25581
7.7985
5.94967
3.03882
0.166156
-1.56044
0.464012
1.17071
0.568827
-0.351122
-1.47571
-4.94646
-8.48684
-8.01291
-8.6808
-9.78088
-7.94946
-6.61211
-9.2428
-10.6222
-8.83381
-8.69186
-7.5512
-6.80098
-2.17429
-1.94625
-16.2106
-10.5549
-7.33518
-5.83585
-5.68674
-5.23422
-2.93802
0.915779
0.561377
-1.49064
-1.08632
-1.33017
-0.8756
0.277438
0.611692
2.55063
1.79264
1.1525
0.828518
0.928509
2.66857
3.08104
3.48774
2.33344
1.42178
2.53296
2.76482
2.60059
1.6312
1.10742
0.824415
1.54662
1.89406
-0.190687
-2.16741
-5.37734
-6.37284
-0.0167739
2.2311
-3.09652
-3.85369
-2.57641
-0.329856
-0.384653
0.332735
3.00366
5.54503
4.09375
2.28954
1.06566
-0.307296
0.740322
1.27407
2.80815
2.35051
2.11474
2.77516
3.37061
3.41387
5.4494
4.54558
3.23193
1.52123
1.38129
1.09539
0.350817
0.310183
-1.07467
-0.227446
0.528792
1.33293
0.289833
0.237194
-0.209981
0.313733
0.667109
0.110975
0.24758
-0.0748251
-1.47815
-0.734045
0.706385
1.04567
-0.151986
-2.21176
-2.33874
-2.4979
-3.33633
-2.89174
-1.40415
0.224661
-0.695885
-1.42674
-2.364
-2.58207
-2.29277
-2.47452
-1.66087
-0.781336
0.043956
-0.28638
-0.717242
-1.73775
-0.745018
-0.945008
-0.826214
0.0151308
-0.255693
0.908091
0.715743
1.79346
-1.6163
-3.0264
-2.47345
-2.79411
-6.94512
-10.786
-11.692
-11.5391
-10.0867
-8.8515
-9.03224
-10.7187
-10.9236
-7.74814
-10.2261
-8.73543
-9.03935
-9.08164
-9.76893
-8.81932
-9.01361
-8.56883
-7.96828
-7.66133
-7.45082
-7.01385
-7.68069
-5.65322
-4.63817
-5.28907
-5.9498
-6.42195
-6.77941
-6.15087
-4.71253
-5.48688
-6.90684
-8.29474
-7.2407
-5.28777
-0.683516
0.0341157
-0.0833955
-0.393235
0.492448
4.54109
6.48101
3.60264
1.11431
1.368
2.31233
5.70439
9.26243
6.08538
2.66128
2.84997
6.99531
9.91545
6.86639
4.72514
6.66317
6.49882
5.11773
5.05674
4.96256
4.49519
3.85073
1.63654
2.8675
2.42216
2.15307
1.47122
1.39883
1.26863
0.987693
1.71664
1.83837
1.68648
1.47408
0.721249
-0.208906
0.0751696
0.571135
-0.407433
2.05447
2.0899
0.564094
0.43639
1.2898
1.50324
1.28787
2.03878
0.672986
-0.197079
-0.473524
0.823446
0.342798
0.164429
0.00738313
0.73902
-0.219342
-0.157568
-0.0509149
-1.4557
-2.47438
-2.153
-2.11276
-3.20418
-1.84073
-4.05872
-5.20293
-3.70783
-1.6276
-3.05997
-1.909
-1.80833
-2.44254
-1.89773
-2.56347
-4.12774
-3.97515
-3.68791
-4.57547
-5.41676
-5.59023
-5.10751
-4.29746
-3.84156
-3.48685
-4.1769
-3.46658
-4.58733
-5.09744
-2.43035
-1.88725
-1.2338
-4.12617
-3.55803
-3.25445
-5.40794
-3.3481
-5.54189
-3.49774
-1.892
-2.69828
-3.15164
-3.58441
-3.6354
-2.87088
-2.58984
-2.42554
-2.52949
-4.09334
-3.12439
-4.51256
-3.88276
-2.96615
-3.21548
-3.34883
-3.63464
-3.90397
-3.38934
-2.0994
-4.0075
-4.4437
-3.86784
-3.92282
-3.51533
-3.89197
-4.26446
-4.10543
-4.38077
-4.20774
-3.64618
-2.86533
-2.92868
-3.01957
-2.96424
-3.22028
-3.12297
-2.63803
-3.1318
-2.31824
-2.36381
-2.5853
-2.48271
-2.12924
-2.56658
-1.86335
-2.32084
-2.51278
-1.89619
-1.76892
-1.88622
-2.22725
-1.59642
-2.08018
-1.94025
-2.33552
-1.90428
-1.6996
-1.64611
-2.42123
-1.61685
-1.41225
-1.51703
-1.59108
-1.9512
-1.65557
-1.77975
-1.84251
-1.93695
-0.925383
-1.63203
-1.63284
-1.14728
-0.893046
-0.796583
-1.33846
-0.277937
-1.34897
-1.71009
-1.38079
-0.791462
-1.3868
-2.1178
-1.34136
-1.40645
-1.5641
-1.41873
-1.69277
-1.43317
-1.32967
-1.68637
-2.40523
-3.37607
-5.17004
-6.57871
-2.36331
-3.21717
-4.94863
-6.32425
-5.47442
-5.30839
-3.35729
-2.43942
-2.85255
-4.35589
-4.24307
-5.7144
-5.31509
-4.71197
-4.37305
-3.46073
-6.03787
-4.82972
-3.57239
-2.99707
-3.56597
-3.76551
-4.44292
-3.84217
-3.99952
-3.22076
-3.56412
-3.62651
-3.36511
-3.75284
-3.67284
-3.22328
-3.04544
-3.13836
-2.19228
-2.25415
-2.5183
-1.89923
-1.86379
-2.61681
-1.24278
-1.70966
-1.98267
-1.52485
-1.4586
-1.6653
-1.4357
-1.84902
-2.21575
-1.89964
-1.90628
-1.41614
-1.11587
-1.26233
-1.3646
-1.56301
-1.31391
-1.95472
-1.80819
-1.34389
-1.09812
-1.47658
-1.58402
-1.90288
-1.39906
-1.89258
-1.79549
-1.46698
-1.33446
-1.5162
-1.46964
-1.41492
-1.62157
-1.86476
-1.03309
-1.75744
-1.57898
-1.563
-1.83267
-1.94214
-1.90755
-1.84385
-1.76002
-1.52083
-1.28683
-1.48945
-1.76789
-2.11127
-1.74173
-1.73265
-1.57871
-1.74812
-1.49802
-1.39054
-1.76616
-1.53098
-1.58314
-2.30007
-2.10258
-2.25438
-2.08945
-1.66754
-1.68952
-1.96002
-1.8321
-1.666
-1.68656
-1.11272
-1.27921
-1.11509
-2.42952
0.161511
-2.96872
-3.16922
-4.02921
-3.61993
-4.25214
-3.80143
-2.65181
-2.00419
-3.08649
-4.21102
-2.49727
-4.18804
-4.38148
-4.06466
-4.22578
-4.55487
-4.83217
-5.0472
-4.0518
-5.22682
-5.97652
-5.36438
-5.59722
-5.72234
-5.94807
-6.01338
-6.073
-6.2794
-6.37224
-6.72328
-5.37792
-6.44975
-6.52281
-7.11348
-7.40202
-7.10303
-7.31617
-7.78643
-7.64692
-7.34651
-7.3317
-7.48029
-7.82194
-8.13858
-7.56337
-7.89193
-8.19801
-9.11864
-8.07132
-7.75679
-7.78877
-7.96496
-8.98677
-8.40654
-7.80447
-7.6313
-7.77873
-7.92398
-8.16182
-7.6758
-8.09439
-7.89842
-7.51155
-7.66627
-7.42879
-7.82249
-7.78989
-7.88368
-7.9581
-8.25589
-7.75256
-7.99044
-7.50062
-7.15478
-7.38602
-7.27642
-7.22558
-7.28294
-7.8778
-7.81057
-7.24628
-7.59897
-7.32563
-7.10719
-7.53938
-7.78335
-8.26318
-7.81141
-7.90104
-8.24727
-7.84152
-8.01999
-5.91169
-4.2544
-1.29461
3.04192
4.49082
10.9638
12.7157
14.2945
14.8543
19.6956
23.7768
22.8863
24.6527
25.7204
28.197
31.7476
32.4654
32.1733
32.4157
32.2732
32.326
33.8055
34.2597
32.7782
32.8415
33.0471
33.5883
33.0183
33.5155
32.8925
32.5237
33.7024
33.9082
33.1351
32.5147
33.2468
33.402
33.3044
33.7347
33.1581
32.3203
33.4274
33.5472
33.4057
33.3222
33.5824
34.131
34.1207
33.7416
33.4037
32.6718
33.4051
33.4398
33.1992
32.3778
31.6843
31.2275
30.7526
29.4966
27.781
27.362
25.7696
23.9334
20.5923
19.8456
18.4816
15.4586
9.83521
7.07964
10.7191
5.63862
1.22383
-1.96158
-2.73886
-4.7587
-5.95349
-8.89783
-15.3173
-20.6028
-25.868
-22.9024
-24.3541
-25.0021
-31.6927
-35.2827
-37.0303
-39.1436
-39.8139
-41.2953
-39.9964
-44.0918
-47.692
-48.7168
-45.0277
-42.6569
-45.3873
-46.5221
-46.2934
-42.6584
-42.4922
-39.5674
-35.5223
-35.1444
-35.8877
-34.6925
-33.5102
-31.4129
-28.1115
-24.5502
-22.6931
-21.4859
-21.1778
-20.4973
-19.5059
-16.3667
-16.6225
-17.5607
-16.6556
-15.704
-14.4448
-12.4487
-12.2751
-11.6419
-11.5848
-8.99645
-8.74982
-10.0528
-9.72122
-8.33711
-8.14826
-9.65897
-11.2963
-10.631
-4.78897
-4.92338
-10.0825
-11.9056
-12.4063
-9.00739
-6.65085
-9.18729
-11.5346
-9.98419
-10.3693
-10.3618
-10.6421
-10.7859
-10.6852
-10.2725
-9.63146
-8.91294
-6.57032
-6.4862
-8.24833
-6.8317
-7.94756
-9.28272
-8.24565
-6.28489
-8.67634
-12.2409
-11.7507
-9.60269
-7.0583
-6.25303
-8.67821
-10.4842
-10.6701
-7.35422
-5.78113
-7.95037
-8.84606
-8.56808
-8.19553
-5.87527
-2.53514
-4.62871
-5.99688
-8.17804
-6.42525
-5.06705
-6.67212
-4.00249
-0.367769
-6.77062
-6.73272
-1.52503
-1.48912
-4.23803
-5.44828
-7.94588
-4.26189
-5.08793
-5.40543
-6.82545
-6.69178
-4.52999
-1.76073
-2.23765
-2.56757
-1.39274
-2.59071
-1.62836
-2.94448
0.0763162
-1.71603
-0.0926328
-1.334
-4.43278
-6.29354
-4.38934
-2.82399
-3.83386
-3.31995
-4.13718
-4.45686
-4.4854
0.959961
0.522625
-1.60813
0.810661
-1.3932
-3.77522
-4.7549
-2.60269
1.48012
3.14483
-1.26013
-7.67718
-12.9102
-7.11975
-2.32006
-5.47839
-5.75364
-10.9732
3.53837
8.64853
8.12142
0.358265
-4.54208
-3.73941
-3.91154
-2.24703
-4.93458
-5.6617
-4.65151
-5.10896
-4.5053
-0.845064
-2.83245
-3.64439
-2.96274
-0.994082
0.746916
0.638908
-0.206965
-0.797508
-1.38034
-1.03943
-0.305285
0.787927
3.43682
-0.461866
-2.94486
-2.35644
-4.22572
-6.79262
-9.65353
-12.6795
-3.6838
-1.61673
-12.211
-14.6662
-11.7648
-6.90724
-8.833
-16.0045
-8.47514
-5.55504
-6.76755
-11.2066
-9.62492
-4.80197
-2.09592
-5.54005
-13.1017
-21.0193
-10.8812
-8.61386
-11.1999
-11.3374
0.225298
-1.63762
-4.69908
-7.22885
-6.90351
-5.97027
-0.884555
-3.01152
-6.43771
-6.83898
-6.7055
-3.22153
-3.18181
-3.11323
-4.87152
-6.48608
-1.49229
-1.50143
-1.46276
-1.80185
-2.77006
-4.84849
-4.14691
-2.67208
-1.59819
-1.52059
-2.61582
-2.69975
-1.11988
-1.20147
-2.24449
-5.53111
-5.82977
-5.97847
-6.59626
-6.15251
-11.5551
-10.5503
-11.7618
-14.2516
-16.4853
-18.5723
-21.6739
-24.9582
-26.8435
-27.8213
-27.7992
-31.2178
-32.5828
-30.8057
-33.8036
-36.998
-37.2182
-39.0464
-39.6204
-39.701
-40.7995
-38.7403
-41.1345
-42.7769
-41.9386
-39.5552
-40.4783
-41.1159
-41.9478
-41.7904
-41.521
-41.5366
-41.1871
-40.5513
-35.8835
-32.3996
-32.8388
-31.1068
-25.44
-19.6621
-20.4723
-19.786
-21.1016
-17.8457
-12.5473
-8.26333
-7.96043
-8.84162
-9.47182
-9.64592
-6.77096
-3.08638
-0.0610433
-2.98265
-6.60165
-7.58941
-3.71006
0.793791
2.58123
-0.873815
-4.31887
-7.00879
-2.5958
-1.64631
-0.251024
-1.20484
-1.9588
-3.51014
-2.98131
-1.6666
0.938629
1.3039
-1.57416
-2.77158
-2.84622
-1.57878
0.879253
1.91777
-0.191133
-3.42298
0.8779
-1.01347
-0.826172
1.3789
0.885943
-0.152488
-0.717997
-0.889249
-2.95794
0.63952
0.887702
0.0291482
-0.446643
-2.48232
1.23635
-1.96256
0.304576
-1.53109
0.729077
-1.09904
0.0505169
-0.37916
-0.409921
-0.262737
-0.362262
-0.290077
-0.759141
-0.507133
-0.497976
-0.460066
-0.237305
-0.607554
-0.40886
-0.555351
-0.474135
-0.453844
-0.31423
-0.631118
-0.66772
-0.832962
-0.485228
-0.457756
-0.412829
-0.712893
-0.203736
-0.407999
-0.399904
-0.184747
-0.305954
-0.711686
-0.32064
-0.124998
-0.252311
-0.283835
-0.292293
-0.392351
-0.574262
-0.558342
-0.322738
-0.967471
-0.15359
-0.298202
0.0472826
