0
-0.0155814
-0.0665507
-0.126913
-0.0902784
0.0131508
-0.0393635
-0.0501768
-0.084256
-0.0941308
-0.116811
-0.088376
-0.00186766
0.00248755
-0.0270172
0.00240485
0.0950687
0.0685152
-0.0481575
-0.107439
-0.0967572
-0.0249805
-0.00288927
-0.0228502
0.016974
-0.031407
-0.0336349
0.0059733
-0.0898888
-0.141745
-0.205552
-0.250299
-0.23675
-0.268032
-0.256942
-0.201296
-0.181934
-0.101926
-0.00117941
0.0101383
0.0263797
0.0393124
0.0742638
0.0651862
0.0923355
0.0870001
0.0858882
0.0315563
-0.00219007
-0.029167
-0.0190656
-0.0142739
-0.00991632
0.00896976
0.00815753
-0.0211921
-0.00288272
0.0668531
0.0814683
0.0269231
-0.0260911
0.00488068
0.0319548
0.0681289
0.127873
0.13234
0.0816957
-0.0243782
-0.0674962
-0.168831
-0.20775
-0.210684
-0.116108
-0.0680045
-0.0384484
-0.071174
-0.11823
-0.0816039
-0.106632
-0.0714382
-0.0606262
-0.0248777
0.00363001
-0.00191614
0.0469959
0.0679141
0.0284898
0.071497
0.0524497
-0.00396281
-0.0300458
-0.0042809
-0.0147252
0.0410455
0.0731787
0.149751
0.115159
0.0876226
0.0682487
0.0537837
0.0411026
0.00529055
-0.0404229
0.0151304
0.00164096
-0.047006
0.0618973
0.0309365
0.0447177
0.0134075
0.0342507
0.0118289
0.101232
0.0603724
0.0639798
0.0191907
-0.0185871
-0.0442506
-0.0565032
-0.0822292
-0.04357
-0.0509531
-0.0694289
-0.0927086
-0.110544
-0.098983
-0.0876016
-0.15804
-0.126961
-0.0986041
-0.0094319
-0.0434837
-0.0710304
-0.109496
-0.0913197
-0.0741142
-0.130688
-0.115666
-0.17142
-0.23402
-0.21055
-0.170624
-0.156914
-0.168683
-0.160538
-0.163939
-0.206787
-0.214501
-0.181594
-0.220861
-0.18724
-0.129071
-0.102571
-0.0873291
-0.0766452
-0.00534607
-0.0388958
0.0211302
0.00394085
-0.0216191
-0.0465522
-0.0818978
-0.113521
-0.094408
-0.157477
-0.178017
-0.173757
-0.187496
-0.238529
-0.233653
-0.267941
-0.318677
-0.265815
-0.233757
-0.109215
-0.0985402
-0.106142
-0.128345
-0.145252
-0.156772
-0.157102
-0.153089
-0.204901
-0.203748
-0.14557
-0.0454336
-0.0487928
-0.0328532
-0.0421232
-0.122514
-0.0982761
-0.115166
-0.151095
-0.126776
-0.137273
-0.0987957
-0.0940973
-0.159323
-0.156468
-0.16082
-0.197516
-0.146914
-0.109266
-0.0735563
-0.0829058
-0.107814
-0.0756309
-0.0377688
-0.0186863
0.0171214
0.0101566
-0.0397974
-0.078067
-0.094285
-0.0953583
-0.0194679
-0.0062722
-0.00760204
0.0189661
-0.08229
-0.0892535
-0.109194
-0.0929404
-0.0721106
-0.121351
-0.121175
-0.0309186
0.0072072
0.0179454
-0.0291735
-0.12058
-0.224909
-0.19887
-0.203894
-0.196463
-0.228881
-0.176802
-0.201527
-0.157018
-0.0758971
-0.054789
-0.0614215
-0.0709298
-0.00327583
-0.0221148
0.0111653
0.0416254
0.0305566
0.0912503
0.127643
0.106632
0.0889046
-0.0299815
-0.152991
-0.219314
-0.205181
-0.242389
-0.213473
-0.152288
-0.119561
-0.0898126
-0.0834541
-0.0823061
-0.0720808
-0.125095
-0.129201
-0.110456
-0.130669
-0.160564
-0.230374
-0.26855
-0.269688
-0.204093
-0.190241
-0.235796
-0.27655
-0.335012
-0.332774
-0.256441
-0.246494
-0.222426
-0.225374
-0.192881
-0.161771
-0.120885
-0.0736569
0.0133539
0.0681553
0.0169614
-0.0164362
-0.0173169
-0.0334817
0.0484016
0.0302021
-0.0734264
0.0175776
-0.0509853
-0.0663313
0.0480835
-0.151219
-0.11365
-0.208778
-0.288489
-0.276497
-0.241837
-0.255191
-0.207358
-0.189782
-0.369037
-0.133484
-0.316543
-0.363023
-0.197037
-0.64506
-1.55847
-1.81068
-0.250618
0.523291
0.360458
-0.334597
-1.16225
-1.58899
-1.09087
-0.647563
-1.08753
-1.26013
-0.47139
0.126692
0.42514
0.859879
1.44334
2.1711
3.23045
4.76188
5.29171
5.48541
5.85855
6.00876
6.10286
6.29441
6.25384
6.77823
7.23838
7.30748
7.28941
7.32741
7.3794
7.23273
7.18321
7.33469
7.1777
6.84593
6.82334
6.97065
6.82383
6.72525
6.79397
6.69876
6.56534
6.68717
6.86336
7.03648
6.58504
5.30704
3.21065
0.939636
-0.143923
-0.58975
-0.851904
-0.846377
-0.817199
-1.6766
-3.37227
-4.78502
-6.06939
-7.04384
-6.90633
-6.39899
-6.87834
-7.42267
-7.24407
-7.26564
-7.34579
-7.1564
-5.42359
-3.82244
-5.84902
-6.05773
-5.53114
-4.80379
-4.23265
-3.84887
-3.3942
-2.43889
-1.72948
-1.5309
-1.24007
-1.13146
-1.0564
-0.790847
-0.406208
0.401679
0.910597
1.19139
1.23006
1.20055
1.55073
1.93027
2.30695
2.33541
2.14802
2.22106
2.36989
2.49459
2.35511
2.08932
1.66551
1.43472
1.29239
0.665765
-0.355154
-1.86677
-3.25429
-3.06199
-2.85611
-4.06437
-4.86806
-4.93723
-4.41847
-4.02711
-3.52234
-2.3817
-0.735413
0.534157
1.40524
2.05411
2.3121
2.50359
2.59234
2.99108
3.09257
2.95467
2.73417
2.55481
2.54874
3.07749
3.37163
3.50301
3.24082
2.91851
2.60245
2.29955
2.07533
1.58656
1.37241
1.34996
1.5475
1.4541
1.30233
1.03003
0.958031
0.933028
0.759633
0.674175
0.479127
-0.0979125
-0.383967
-0.177386
0.203157
0.294408
-0.177323
-0.662977
-1.05819
-1.50449
-1.73653
-1.55092
-0.976792
-0.687272
-0.588728
-0.747471
-0.958508
-1.06073
-1.17669
-1.07875
-0.806339
-0.367884
-0.0715472
0.00985688
-0.213689
-0.191716
-0.211892
-0.167607
0.0343656
0.0939163
0.358056
0.47896
0.921799
0.112851
-1.37195
-2.75608
-3.85495
-5.0929
-6.1891
-6.94303
-7.66817
-8.06535
-8.08371
-8.10307
-8.46091
-8.80584
-8.57968
-9.15632
-9.22835
-9.31251
-9.28381
-9.40233
-9.31822
-9.29967
-9.12521
-8.80555
-8.34427
-7.90807
-7.43157
-7.2315
-6.46442
-5.62706
-5.18649
-5.07419
-5.13741
-5.21121
-5.06218
-4.52749
-4.21331
-4.21712
-4.35088
-4.18602
-4.0209
-3.64672
-3.33423
-2.73299
-1.92977
-0.992805
0.493666
1.83344
2.27082
2.48159
2.9401
3.43126
4.36043
5.68118
5.96146
5.54354
5.09916
5.4528
6.29524
6.34839
5.96436
5.98987
5.76983
5.27104
4.96666
4.81583
4.63188
4.40081
3.78372
3.60819
3.38712
3.28319
3.18613
3.12965
2.99649
2.77978
2.7444
2.6933
2.60217
2.51316
2.31944
1.96665
1.74851
1.64646
1.3272
1.64458
1.97599
1.88418
1.7128
1.76408
1.86249
1.92874
2.18112
2.11262
1.86112
1.51178
1.49362
1.40185
1.27364
1.11336
1.21245
1.11296
1.05004
1.02159
0.621018
0.103286
-0.119783
-0.232823
-0.648782
-0.657166
-1.13993
-1.84639
-2.20069
-2.05298
-2.19639
-1.95276
-1.70024
-1.66672
-1.53304
-1.61833
-2.09079
-2.42515
-2.57375
-2.8753
-3.28639
-3.59214
-3.70474
-3.64041
-3.45332
-3.11655
-2.9137
-2.56054
-2.67252
-3.01168
-2.78202
-2.39411
-1.83326
-2.08496
-2.17332
-2.11235
-2.62434
-2.61207
-3.14408
-3.08288
-2.57178
-2.48311
-2.65082
-2.95315
-3.11381
-2.99261
-2.88302
-2.75616
-2.64018
-2.90298
-2.83083
-3.02318
-3.01051
-2.77053
-2.67855
-2.65014
-2.68031
-2.75727
-2.73049
-2.49623
-2.74037
-3.01613
-3.05769
-3.07023
-3.00491
-3.03488
-3.13866
-3.17445
-3.25858
-3.27341
-3.14034
-2.85439
-2.64125
-2.49087
-2.35748
-2.31761
-2.25744
-2.1298
-2.14869
-1.9828
-1.86467
-1.84257
-1.80681
-1.66936
-1.64636
-1.4758
-1.46171
-1.48621
-1.35577
-1.23839
-1.18475
-1.22012
-1.10265
-1.09639
-1.0632
-1.14037
-1.10065
-1.01504
-0.931677
-1.04477
-0.94079
-0.829521
-0.770254
-0.732354
-0.780442
-0.743156
-0.744453
-0.764626
-0.782757
-0.562818
-0.555661
-0.539956
-0.427986
-0.278032
-0.13423
-0.137083
0.0934303
0.0164396
-0.128074
-0.176949
-0.105382
-0.20794
-0.470975
-0.505071
-0.55146
-0.667474
-0.753927
-0.829385
-0.794731
-0.796324
-0.909382
-1.23907
-1.74269
-2.47803
-3.3085
-2.92154
-2.8434
-3.27926
-3.96172
-4.13238
-4.16798
-3.81313
-3.36945
-3.19266
-3.43519
-3.52571
-3.88627
-3.9612
-3.8323
-3.71312
-3.39155
-3.79863
-3.87402
-3.5864
-3.22938
-3.05712
-2.96269
-3.0114
-2.831
-2.72403
-2.45137
-2.32979
-2.26311
-2.15141
-2.12119
-2.05326
-1.89575
-1.79603
-1.75346
-1.52486
-1.41337
-1.40551
-1.24389
-1.11126
-1.16527
-0.910863
-0.835738
-0.836562
-0.723188
-0.589175
-0.53273
-0.4656
-0.52614
-0.656735
-0.67973
-0.723675
-0.649053
-0.519757
-0.457086
-0.427875
-0.443932
-0.408474
-0.529479
-0.567396
-0.468343
-0.350382
-0.348412
-0.385341
-0.493984
-0.477102
-0.596387
-0.65594
-0.602344
-0.505544
-0.456555
-0.416773
-0.365857
-0.395123
-0.490267
-0.381419
-0.460744
-0.490462
-0.511728
-0.585508
-0.66801
-0.711765
-0.723852
-0.722355
-0.656932
-0.556655
-0.519159
-0.568868
-0.67972
-0.682915
-0.683451
-0.648622
-0.658182
-0.603734
-0.527146
-0.572326
-0.543588
-0.538003
-0.695087
-0.783385
-0.873893
-0.890573
-0.816966
-0.760325
-0.784872
-0.77551
-0.738432
-0.712022
-0.589556
-0.556966
-0.541169
-0.878517
-0.72229
-1.30392
-1.54369
-1.92731
-2.12983
-2.51681
-2.65205
-2.43049
-2.13861
-2.19973
-2.54762
-2.38058
-2.65018
-2.95164
-3.11319
-3.26739
-3.45075
-3.65663
-3.9469
-3.89122
-4.05647
-4.36275
-4.41807
-4.48672
-4.60792
-4.79492
-4.9478
-5.08614
-5.2697
-5.40375
-5.55509
-5.30066
-5.2194
-5.21698
-5.4355
-5.70663
-5.8858
-6.05255
-6.2622
-6.42829
-6.4944
-6.44689
-6.39424
-6.50186
-6.68464
-6.67326
-6.69258
-6.75206
-7.03496
-7.06788
-7.00216
-6.87844
-6.83028
-7.06918
-7.13981
-7.05774
-6.93619
-6.8583
-6.8005
-6.82106
-6.74269
-6.77492
-6.75511
-6.63433
-6.55275
-6.43954
-6.44396
-6.44035
-6.46443
-6.51043
-6.639
-6.60908
-6.64258
-6.56897
-6.4164
-6.36499
-6.29712
-6.22757
-6.17215
-6.27927
-6.36857
-6.3126
-6.41466
-6.45231
-6.38064
-6.35177
-6.33995
-6.47095
-6.5417
-6.53445
-6.52068
-6.27949
-5.81374
-4.72323
-3.31267
-1.20046
1.94023
4.95944
8.91901
12.7597
16.1172
18.3669
20.985
23.9129
25.8834
27.4558
28.5055
29.6471
31.1865
32.3569
32.9763
33.367
33.4932
33.4749
33.8238
34.2756
34.3247
34.3031
34.2816
34.4172
34.4482
34.5771
34.5654
34.4178
34.5741
34.7841
34.7623
34.5754
34.5684
34.6031
34.6255
34.7724
34.7828
34.5767
34.6413
34.714
34.7435
34.7487
34.7926
34.9573
35.0989
35.1145
35.0429
34.7887
34.7391
34.6978
34.5758
34.2275
33.6937
33.0263
32.3246
31.3122
29.7835
28.2722
26.4702
24.0043
20.575
17.633
15.6167
14.082
12.5903
11.2895
10.8059
8.73155
5.64753
2.71047
0.416626
-2.08628
-4.66571
-8.05065
-12.8463
-17.3342
-21.0837
-22.8323
-24.6604
-26.5053
-29.6296
-32.369
-34.3904
-36.1486
-37.5512
-38.9727
-39.9055
-41.494
-43.232
-44.486
-44.3561
-43.4106
-43.202
-43.3711
-43.1215
-41.6932
-40.5027
-39.0788
-37.1488
-35.5378
-34.5688
-33.4983
-32.2434
-30.571
-28.2739
-25.7212
-23.7647
-22.3497
-21.1896
-19.6938
-18.1337
-16.5477
-15.7534
-15.4405
-14.8728
-13.959
-12.8827
-11.7711
-11.0517
-10.2667
-9.72292
-8.81068
-7.94509
-7.76966
-7.77584
-7.51966
-7.37391
-7.61177
-8.16368
-8.60622
-7.96163
-7.81675
-8.92841
-9.60703
-10.0507
-9.80778
-9.14287
-9.04441
-9.34116
-9.17892
-9.11955
-9.00314
-9.06829
-9.17689
-9.10684
-8.85682
-8.49758
-8.10504
-7.31702
-6.71949
-6.71853
-6.38508
-6.54734
-7.07551
-7.19291
-6.90763
-7.30653
-8.29883
-8.69639
-8.41545
-7.54315
-6.62046
-6.29627
-6.37144
-6.50522
-5.94027
-5.14921
-5.29186
-5.61485
-5.82113
-5.86734
-5.38249
-4.17948
-3.80606
-3.7892
-4.25626
-4.21982
-3.9969
-4.12422
-3.61023
-2.56744
-3.07188
-2.98533
-1.67293
-0.902849
-1.03565
-1.67931
-3.00439
-3.17931
-3.41703
-3.39189
-3.66259
-4.15945
-4.16869
-3.3638
-2.74527
-2.45768
-2.00492
-1.98057
-1.88926
-1.9763
-1.1228
-0.648761
0.243717
0.889462
0.536302
-0.735949
-1.53872
-1.73262
-1.98221
-1.81587
-1.74511
-1.84939
-1.92238
-0.680895
-0.100229
-0.0508937
0.723444
0.726825
0.115448
-0.703512
-1.03972
-0.478361
0.114364
-0.599999
-2.60194
-5.32502
-6.03486
-5.86508
-6.17438
-5.8801
-6.40851
-3.61295
-0.357497
2.37858
2.77086
1.49093
0.256837
-0.812559
-1.27544
-2.09881
-2.69233
-2.97607
-3.49595
-3.72211
-2.83583
-2.37908
-2.24295
-2.15301
-1.67084
-0.943035
-0.294599
0.0472219
0.150668
0.210334
0.282727
0.398708
0.539803
0.937855
0.297969
-0.429853
-1.04101
-2.18536
-3.98346
-6.00226
-7.79175
-6.68631
-5.14903
-6.43204
-8.3009
-9.19118
-8.72863
-8.91305
-10.3064
-9.48867
-8.17833
-7.70891
-8.21541
-8.23137
-7.28547
-5.96004
-5.60731
-6.91685
-9.80989
-10.2242
-10.4237
-10.8845
-10.7085
-7.97935
-6.44864
-5.78841
-5.52182
-4.86899
-4.18858
-2.82337
-2.56839
-3.23691
-3.74862
-4.17429
-3.8418
-3.65537
-3.66062
-3.9977
-4.22263
-3.16757
-2.4464
-1.87314
-1.64384
-1.54134
-1.90254
-2.07496
-2.0424
-1.88288
-1.63262
-1.62613
-1.75966
-1.51055
-1.37725
-1.78078
-3.05939
-4.23443
-5.37646
-6.46983
-7.05011
-8.75802
-9.63322
-10.6063
-12.7403
-15.5406
-18.2452
-20.6651
-22.8096
-24.8691
-26.7566
-28.333
-30.3659
-32.0154
-32.7337
-33.9033
-35.4757
-36.6988
-37.9919
-38.9594
-39.5095
-40.0053
-39.8914
-40.2751
-40.8952
-41.1412
-40.7276
-40.5241
-40.4045
-40.5434
-40.5617
-40.3313
-39.9319
-39.2315
-38.1412
-35.7973
-32.9819
-30.9125
-29.2057
-26.8352
-23.7643
-21.5931
-19.7079
-18.6731
-17.4146
-15.6103
-13.4572
-11.555
-9.83176
-8.38147
-7.68066
-7.02366
-5.70159
-3.76952
-3.13704
-3.65882
-4.40232
-4.17653
-2.87356
-1.4473
-1.00908
-1.36949
-2.24669
-2.01692
-1.61261
-0.970721
-0.760755
-0.811126
-1.26402
-1.60711
-1.48626
-0.836268
-0.233464
-0.340188
-0.702279
-1.12025
-1.1084
-0.483228
0.18383
0.204211
-0.440672
-0.00397132
-0.214753
-0.325491
0.144465
0.391394
0.361652
0.209643
0.046113
-0.547149
-0.236943
0.0384348
0.0772891
0.0069572
-0.557665
-0.03654
-0.460721
-0.227329
-0.46884
-0.144827
-0.309185
-0.169935
-0.160921
-0.175441
-0.130508
-0.136719
-0.112935
-0.206705
-0.224012
-0.233395
-0.230048
-0.17757
-0.221211
-0.210744
-0.235254
-0.237069
-0.233158
-0.201373
-0.246689
-0.292886
-0.367348
-0.340923
-0.315475
-0.286753
-0.332718
-0.251612
-0.233768
-0.219155
-0.15836
-0.134708
-0.214923
-0.184407
-0.112663
-0.0878245
-0.0734681
-0.0686022
-0.083914
-0.143438
-0.187372
-0.166283
-0.299043
-0.20664
-0.169601
-0.0593114
