0.000545035
0.00576655
-0.00646135
-0.000690147
0.0402579
0.0494054
0.047835
0.055698
0.0129393
-0.0149962
-0.0298491
0.0137723
0.0615168
0.0651517
0.0957743
0.106846
0.0842112
0.110557
0.109652
0.10926
0.0841923
0.0884233
0.110592
0.0907266
0.051196
0.0817031
0.106455
0.0662973
0.154743
0.156347
0.151423
0.180119
0.161564
0.0967246
0.0304511
-0.0160059
0.0126383
0.0432811
-0.000708007
0.0123671
-0.0420582
-0.0684308
-0.0246151
-0.0235464
0.0480049
0.0573223
0.0643741
0.0670356
0.0614119
0.131137
0.102218
0.0561204
0.0467509
0.0293696
-0.056661
-0.0795787
-0.0435048
-0.00585511
0.0544346
0.0753724
0.0609128
0.0590125
0.0625504
0.0317958
0.0303275
-0.0135246
-0.0283385
-0.0572857
-0.0583769
-0.0781662
-0.0635697
0.014797
0.0122249
0.00307118
0.014959
0.0310299
-0.0160654
-0.00706258
0.114193
0.0837564
0.0340126
0.0574509
0.101149
0.102001
0.0164371
0.0133838
0.0553464
0.0482183
0.0300942
0.0284906
0.0244191
0.0424102
0.0689775
0.0319627
-0.0124827
0.0117374
0.0558422
0.147798
0.157417
0.120355
0.0883508
0.0671379
0.0425904
0.0199432
0.0513186
0.0990774
0.0659518
0.037767
0.0342833
0.00954303
-0.0401839
-0.019282
-0.0535854
0.0390709
0.0349392
0.0179184
-0.0278216
0.0287857
0.0116699
-0.0808637
-0.0955946
-0.111808
-0.0475803
-0.0150065
0.00087464
-0.0252015
-0.106801
-0.120438
-0.0963467
-0.05296
-0.0319856
-0.0221806
0.0133004
0.00215988
-0.0302872
-0.0191105
-0.0601068
-0.00866207
0.0141053
-0.0111467
0.00911151
-0.0347379
-0.067443
-0.0807228
-0.0683478
-0.0388843
-0.103885
-0.174978
-0.180922
-0.116808
-0.0789037
-0.0758957
-0.0977122
-0.127667
-0.0860131
-0.116159
-0.181163
-0.205321
-0.225017
-0.213892
-0.112575
-0.0685858
-0.0384455
0.0196617
-0.00859485
-0.00135774
0.0402304
0.00539275
0.0256819
-0.0026087
0.0407834
0.0881178
0.0484695
0.0353248
0.0771238
0.0341951
-0.0136322
-0.0923052
-0.0916014
-0.0844074
-0.100008
-0.157657
-0.142409
-0.147967
-0.172447
-0.202607
-0.162716
-0.184676
-0.175828
-0.245974
-0.248686
-0.210218
-0.191744
-0.200737
-0.211857
-0.23495
-0.170925
-0.0987485
-0.0934465
-0.0938295
-0.139731
-0.12643
-0.0646066
0.0220222
0.0886998
0.0557798
0.0356593
0.11939
0.162328
0.136798
0.148265
0.148471
0.178493
0.187774
0.110609
0.159196
0.134557
0.11882
0.102863
0.123164
0.142842
0.201184
0.186811
0.131126
0.14517
0.144921
0.172398
0.130063
0.117372
0.049769
0.00881351
0.0267705
-0.0122061
-0.0634481
-0.0501369
-0.0502297
-0.101036
-0.103224
-0.0242054
0.0942647
0.0600244
-0.00792237
-0.0301203
-0.109071
-0.108745
-0.0493349
-0.025454
0.00719453
0.0615098
-0.0183665
-0.0367385
-0.028906
-0.0326722
-0.0192061
-0.0415599
-0.0723549
-0.122822
-0.173941
-0.0948607
-0.123063
-0.0893402
-0.0608569
-0.0230198
0.0221994
0.0231596
0.0136043
-0.0431004
-0.0728968
-0.167235
-0.0833333
-0.0517777
0.0929208
0.0744781
0.0454276
0.0425047
0.0636317
0.0184034
-0.0325542
-0.0460417
-0.0500773
-0.154844
-0.21417
-0.17653
-0.199426
-0.195352
-0.211337
-0.167452
-0.142613
-0.0811715
-0.0390286
0.0187521
0.0169512
-0.00715931
-0.0710571
-0.056126
-0.119599
-0.0216053
-0.0890508
-0.182935
-0.035361
-0.0719167
-0.106056
-0.00464901
-0.0461357
-0.0426008
0.0234462
-0.0197646
0.0250023
0.0632821
-0.0117198
0.52464
1.05681
1.28073
1.73845
2.76602
3.22704
2.88806
2.47037
2.83472
2.8834
3.09987
3.58869
4.28032
3.99382
3.32337
2.78243
1.74265
0.461157
-0.657733
-1.97668
-3.70323
-4.74298
-5.88236
-7.37134
-8.54369
-9.27387
-10.0013
-10.6616
-11.2701
-11.4368
-11.4354
-11.803
-12.6432
-12.9251
-12.9559
-12.9516
-12.8006
-12.588
-12.4608
-12.2979
-11.9836
-11.5851
-11.514
-11.4289
-11.3172
-11.1969
-11.0922
-10.8705
-10.8119
-11.2178
-11.7937
-12.3198
-13.0556
-12.6446
-11.9444
-11.7835
-12.5558
-13.3743
-13.8761
-14.4952
-14.8333
-14.1854
-12.5918
-10.9102
-8.52641
-7.10097
-7.40018
-6.48024
-4.10822
-2.2419
-1.72317
-1.03114
1.55652
3.45914
4.31501
4.67311
7.24798
7.54184
6.78694
5.55273
4.50562
4.10716
4.26934
3.62267
2.61151
1.93243
1.77348
1.55446
1.33611
1.07815
0.860954
1.07413
1.21035
1.40041
1.73828
2.28036
2.65417
2.94709
3.15309
3.13713
3.11404
3.02467
3.02781
3.1093
3.21362
3.4374
4.12583
5.02723
5.4972
6.07508
6.82967
7.29346
7.63389
7.82727
7.92048
8.77619
9.92172
11.0691
11.6507
11.0116
9.80764
8.05171
4.75859
1.21306
-2.47994
-5.50716
-7.54741
-7.85557
-7.34287
-7.04304
-7.21373
-8.3262
-9.37652
-10.0496
-10.661
-11.0992
-11.461
-11.9626
-11.5373
-11.2909
-11.1205
-11.2898
-11.36
-11.394
-11.4231
-11.5729
-11.7226
-11.8101
-11.8288
-11.407
-11.4388
-11.6343
-11.5401
-11.5068
-11.4741
-11.3021
-11.0235
-10.7959
-11.0054
-11.3991
-11.394
-11.4522
-11.3937
-11.1596
-10.7715
-10.7021
-10.7755
-11.083
-11.4522
-11.2504
-10.9559
-10.6759
-10.3998
-10.3262
-10.4723
-10.6317
-10.8068
-10.7577
-10.4859
-10.2426
-10.2278
-10.2571
-10.4302
-10.6687
-11.069
-11.1983
-10.9572
-10.3752
-9.51791
-9.36959
-9.9356
-11.0826
-11.731
-11.5757
-11.5491
-11.122
-10.5385
-9.1525
-7.73059
-6.49441
-4.5865
-2.29064
-0.34859
0.966734
1.84648
2.98998
3.76909
3.97453
4.45427
5.29929
5.9477
6.1265
6.43632
7.44739
8.1778
8.37724
8.29486
8.46385
8.497
8.43574
8.29322
8.11483
8.04432
8.10051
8.61464
10.0345
11.3293
11.8293
12.0402
12.1305
12.328
12.1906
11.7577
10.1545
7.74665
5.5586
4.48889
3.7347
2.20694
0.467702
-0.779381
-0.810126
-0.290616
-0.425012
-1.53121
-2.67307
-3.85311
-5.30842
-6.71352
-7.61093
-8.75389
-9.72945
-10.6293
-11.5121
-11.6792
-11.3198
-10.8571
-10.506
-10.0638
-9.77806
-9.32818
-8.74916
-7.99433
-7.44473
-7.32436
-7.15017
-6.80249
-5.82662
-5.12305
-4.69992
-4.50953
-4.28857
-4.16576
-3.78252
-3.32046
-3.35927
-3.43895
-3.39649
-3.22869
-3.36146
-3.43026
-3.23737
-3.20311
-3.34616
-3.46541
-3.62194
-3.892
-3.5925
-3.4845
-4.18364
-4.32194
-3.76931
-3.53551
-3.40459
-3.65132
-4.27118
-4.06882
-3.47789
-3.45338
-4.0734
-4.33299
-4.76025
-5.19717
-5.65203
-6.40249
-6.44516
-6.073
-5.54529
-5.7541
-6.04629
-6.0277
-5.60866
-5.31596
-5.47767
-5.731
-5.6162
-5.41767
-5.06278
-4.50477
-3.78447
-3.82626
-4.91495
-6.03777
-6.8121
-7.66875
-8.50228
-8.53228
-9.18674
-8.34598
-8.40238
-8.44971
-8.43843
-8.37109
-8.68263
-9.95576
-11.8236
-14.3355
-17.0947
-19.344
-21.3997
-23.2321
-25.4122
-27.6756
-29.6817
-31.3193
-32.7434
-34.1808
-35.8288
-37.3962
-38.1461
-38.4282
-38.4644
-38.4384
-38.6111
-38.7739
-38.8632
-38.8772
-38.7846
-38.7248
-38.7538
-39.0025
-39.2475
-39.528
-39.814
-40.114
-40.471
-40.4559
-40.3444
-40.3013
-40.4051
-40.4944
-40.3744
-40.1477
-39.9108
-39.7106
-39.7232
-39.8418
-39.9195
-39.8707
-39.9169
-39.8366
-39.8446
-39.9644
-40.0751
-40.0825
-39.9303
-39.8965
-40.0599
-40.2747
-40.3177
-40.3216
-40.264
-40.1511
-40.0268
-39.9452
-40.0781
-40.0686
-40.0844
-40.0272
-40.1022
-40.1428
-40.1745
-40.1835
-40.1158
-40.2563
-40.3525
-40.2785
-40.157
-40.0078
-39.9578
-39.9051
-40.0944
-40.0946
-39.9243
-39.7288
-39.7832
-40.111
-40.5131
-40.7141
-40.8673
-41.1627
-41.3283
-41.5201
-41.6965
-41.6911
-40.5839
-39.5745
-38.6478
-37.5482
-36.6564
-35.6823
-33.9817
-31.916
-30.0748
-28.3631
-27.2917
-25.793
-24.2483
-21.655
-18.5208
-15.5849
-12.6078
-9.96128
-7.35222
-5.0521
-2.25264
0.66978
3.74298
6.71156
9.14305
11.1987
13.241
15.3464
17.0984
18.6254
20.0543
21.3541
22.4964
23.445
24.2817
25.0858
25.8894
26.4714
26.835
27.0992
27.5038
27.8964
28.1492
28.5174
28.7768
28.9686
28.9465
29.0514
29.0835
29.1886
29.2113
29.3029
29.4691
29.4835
29.4438
29.3989
29.4877
29.5452
29.6014
29.5416
29.6131
29.6266
29.4437
29.4192
29.5356
29.5795
29.6525
29.8157
29.8539
29.7756
29.7417
29.7227
29.6355
29.6096
29.7039
29.8917
29.8852
29.8456
29.8608
29.878
29.9728
29.8838
29.8993
29.9199
29.9139
29.8014
29.7793
29.7435
29.7682
29.7487
29.6797
29.7046
29.6707
29.7277
29.7926
29.8584
29.884
29.969
30.0316
30.0028
29.9844
30.0235
29.9143
29.8535
29.7842
29.7919
29.7613
29.8321
30.0007
30.1665
30.2864
30.8453
30.7728
30.9882
30.4984
29.9405
29.7392
29.484
28.9844
28.2713
27.6557
27.8178
27.8109
27.3112
26.9642
26.9209
27.056
27.0064
26.6058
26.5344
26.605
26.7107
26.8264
26.9043
27.0254
27.0405
27.3833
27.5513
27.6601
27.6701
27.8291
27.9775
28.2237
28.349
28.372
28.2373
28.2058
28.0999
27.9388
27.9429
28.2124
28.4635
28.3498
28.1884
28.065
28.3723
28.6988
28.7158
28.7308
28.8987
29.2691
29.3683
29.2435
29.052
29.0306
29.1127
29.3955
29.5323
29.5845
29.6239
29.748
29.7609
29.8217
30.0181
30.3191
30.5204
30.6337
30.692
30.6641
30.7245
30.7903
30.9071
30.9542
31.0171
31.1842
31.2124
31.1929
31.3488
31.6698
31.7518
31.6726
31.7484
31.8511
31.8767
31.9143
31.8355
31.6331
31.492
31.4064
31.2736
30.9395
30.8643
31.0757
31.2608
31.6515
32.1436
32.7637
32.6457
31.5562
30.4695
27.806
25.4525
23.363
21.2004
19.1268
17.2595
15.6433
14.0702
12.5833
10.6212
8.7805
7.73243
6.86449
6.09964
5.52734
5.01732
4.79855
4.70823
4.22503
4.05253
3.95474
3.90799
3.95291
3.76911
3.67178
3.47436
3.27155
3.14831
3.25391
3.31492
3.34313
3.32044
3.34531
3.30101
3.32801
3.25932
3.308
3.26116
3.22925
3.13105
3.08424
3.16897
3.27945
3.23092
3.05325
2.94572
2.94531
2.95562
3.05102
3.25103
3.38526
3.3777
3.33552
3.35065
3.45435
3.75168
3.73102
3.38411
3.525
4.03184
4.16995
3.90764
3.32228
2.30749
1.04687
0.347951
-0.388973
-1.00232
-1.02951
-1.36601
-2.55899
-3.29188
-2.84451
-2.34087
-1.6858
-0.833703
0.14412
0.240361
0.077802
0.645681
1.86483
2.30801
2.73625
3.50311
3.72435
4.06722
4.89755
6.05607
6.93079
7.48592
8.15193
9.09087
10.3714
11.1934
12.3924
14.845
16.2477
17.718
19.8979
22.5739
25.2639
28.3801
30.2385
30.3628
29.7583
29.571
29.8756
28.8366
26.3807
23.5641
20.7849
18.0255
15.3609
12.7172
9.78467
6.65174
3.64551
0.288823
-3.94738
-8.18496
-12.1635
-16.9271
-21.7533
-25.5507
-28.5608
-31.2357
-34.3515
-36.237
-36.6223
-36.0698
-34.3937
-33.242
-33.2353
-32.8113
-30.706
-27.2224
-23.8118
-21.0473
-18.2734
-15.5608
-12.8167
-9.87606
-6.9525
-4.67139
-3.01696
-1.90567
-1.32663
-1.0444
-1.03669
-0.215875
0.299637
-0.074417
-1.29195
-1.66421
-1.2725
-0.0210504
0.854399
0.611775
0.136822
0.0380525
1.10768
2.15307
2.11002
2.26566
3.16718
4.08304
4.69759
5.06828
5.47077
6.20796
7.19799
8.14806
8.51353
9.08598
9.9916
11.366
13.2431
14.7855
14.8233
13.4653
12.5257
12.127
12.2837
12.2915
11.382
9.87592
8.69386
7.83479
7.28425
6.18095
5.00424
3.79052
2.69154
1.795
0.612674
0.25658
0.0357064
-0.0881817
0.591961
0.897498
2.53771
3.87614
4.34693
3.74838
3.14749
2.55054
1.50865
0.687129
1.06168
1.61773
1.21065
0.344543
1.62412
2.18072
1.14571
1.53888
2.79608
4.62841
6.09954
7.04126
7.3455
7.36618
7.33085
7.35
8.88111
10.7654
11.5126
12.7611
14.706
13.3989
11.4018
8.64736
6.93417
6.24072
6.84155
6.31315
4.84514
3.7872
2.66914
1.37244
0.49177
-0.565352
-1.67239
-2.17037
-2.23764
-2.54833
-2.89742
-3.16497
-3.17376
-3.1461
-2.87327
-2.68628
-2.17826
-1.98515
-1.76006
-1.84512
1.05492
3.60471
4.18899
2.91139
2.50314
3.35902
4.90055
5.51346
5.12165
4.59498
3.41406
1.18663
-2.27707
-1.52561
0.752178
1.50321
0.666289
1.38666
3.50792
5.50537
7.27242
8.58165
9.55118
10.2751
10.9959
12.7711
14.5102
15.7388
16.1997
16.6909
16.7264
15.1828
13.5583
11.9894
10.6315
9.10049
8.17172
7.385
6.46603
5.34434
4.45489
3.02377
0.797285
-0.692827
-1.50591
-2.84783
-3.90468
-4.7175
-5.07558
-5.16482
-4.74975
-4.05022
-3.57998
-3.48712
-3.70577
-3.80358
-3.37034
-2.84961
-2.90034
-2.51836
-2.0828
-1.95688
-1.30824
-0.951802
-0.344175
1.26951
3.24316
3.71232
3.23352
2.25655
1.28544
1.05851
0.842844
0.380531
-0.451504
-1.50343
-2.15374
-2.18781
-1.70718
-1.21331
-0.71657
-0.617323
-0.420529
-0.0172395
0.368974
0.780932
0.960159
0.982204
1.13387
1.38797
1.46975
1.18341
0.707496
0.365845
0.456443
0.557735
0.480489
0.545056
0.629107
0.759193
0.550186
0.0106949
-0.253928
-0.983684
-2.0234
-4.17005
-5.21244
-4.63118
-3.53361
-2.88417
-2.4627
-2.666
-3.26357
-4.26232
-4.96899
-4.60318
-3.59109
-3.11149
-3.41229
-3.28005
-2.12434
-0.217676
1.73371
2.69336
3.10464
2.66939
2.28056
2.80278
3.47587
4.07757
3.98389
3.71924
3.2874
3.29588
3.58201
3.71904
3.69114
3.32294
3.24704
3.32836
3.96006
4.31071
3.9981
3.57278
2.8905
3.1595
3.63379
4.06259
4.08194
4.35846
4.78176
5.23078
5.5011
5.02391
3.78802
3.28514
2.83331
2.40155
2.24494
2.06534
1.49185
1.43736
1.13216
0.926371
0.877183
0.808788
0.632754
0.594475
0.621151
0.508664
0.512916
0.466402
0.332283
0.301877
0.304739
0.296831
0.350444
0.381862
0.35041
0.361785
0.348243
0.335555
0.276683
0.207028
0.216177
0.218035
0.228905
0.230853
0.215636
0.159467
0.108987
0.119972
0.109322
0.132515
0.114873
0.148143
0.117508
0.0622688
0.0603033
0.101873
0.0349177
0.0463873
0.130463
0.142467
0.0671339
0.00450817
0.0130766
-0.00359043
