0.0087954
0.0195354
-0.00449499
0.00272565
0.0560933
0.0634615
0.0582018
0.064206
0.0168118
-0.0123208
-0.0277016
0.0161898
0.0642845
0.067305
0.0982265
0.108871
0.0856105
0.111661
0.110525
0.1104
0.0849504
0.08916
0.111291
0.0908908
0.0511277
0.0824912
0.107291
0.06676
0.156185
0.15773
0.152709
0.181105
0.162268
0.0961712
0.0296444
-0.0172235
0.0121015
0.0437136
-0.000101726
0.0130437
-0.041621
-0.0683429
-0.0238561
-0.0233628
0.0488505
0.0581587
0.0652031
0.067604
0.0622419
0.131949
0.103019
0.0557194
0.0465067
0.0280586
-0.0585965
-0.0814204
-0.0447748
-0.00631106
0.0549281
0.0763066
0.0619849
0.059993
0.0636704
0.0326275
0.0311193
-0.0137231
-0.0283906
-0.0574969
-0.0575483
-0.0778162
-0.0635238
0.0159337
0.0144282
0.00524242
0.0168505
0.0330568
-0.0155099
-0.00644129
0.115555
0.0839255
0.0338558
0.0573498
0.101021
0.102411
0.0157295
0.0128824
0.0562009
0.0493639
0.0309185
0.029027
0.0250551
0.0436791
0.0696705
0.0325536
-0.0118409
0.0130129
0.0567941
0.149112
0.158007
0.120762
0.087866
0.0655816
0.0416948
0.0186531
0.0501241
0.0993106
0.0657368
0.0376421
0.0338451
0.00905934
-0.0407371
-0.0194173
-0.0534447
0.0411483
0.0366899
0.0193673
-0.0267721
0.0310393
0.013177
-0.0808869
-0.0956175
-0.111825
-0.0466345
-0.0136479
0.00190081
-0.0241031
-0.106253
-0.118819
-0.0944661
-0.0508004
-0.029808
-0.020156
0.0151486
0.00389337
-0.029235
-0.0173631
-0.0588985
-0.00673852
0.015663
-0.00987359
0.00994964
-0.0345431
-0.0678473
-0.080912
-0.0679121
-0.0381092
-0.104132
-0.175408
-0.181558
-0.116314
-0.0777465
-0.0745377
-0.0969435
-0.127109
-0.0850664
-0.115514
-0.181774
-0.206513
-0.225792
-0.21371
-0.110251
-0.0655588
-0.0351333
0.0235792
-0.00581399
0.00126387
0.0424393
0.00651991
0.0269061
-0.00145892
0.0431137
0.0901707
0.0499229
0.0363046
0.0783165
0.0349523
-0.0135327
-0.0929798
-0.0917162
-0.0844059
-0.100347
-0.158909
-0.142336
-0.147259
-0.172353
-0.202973
-0.16249
-0.184837
-0.175338
-0.246365
-0.248822
-0.21014
-0.19135
-0.200886
-0.212306
-0.235373
-0.170036
-0.0957663
-0.0904365
-0.0911768
-0.138764
-0.125068
-0.0626781
0.0246235
0.0917685
0.0569347
0.0358585
0.120375
0.163939
0.137838
0.149297
0.148846
0.178544
0.187748
0.109171
0.158612
0.132313
0.116506
0.100058
0.120728
0.140883
0.199834
0.185001
0.127099
0.14167
0.141746
0.169969
0.126824
0.114847
0.0464304
0.00573082
0.0248035
-0.0149176
-0.0659499
-0.0521891
-0.0520914
-0.10337
-0.1052
-0.0239309
0.095722
0.0603017
-0.00900765
-0.0316022
-0.110572
-0.109632
-0.0490581
-0.0247928
0.00829129
0.0630569
-0.0188771
-0.0379242
-0.029357
-0.0332413
-0.0188114
-0.0411253
-0.0720145
-0.123043
-0.174569
-0.0934911
-0.122275
-0.0883561
-0.0588965
-0.0204396
0.0254968
0.0255832
0.0152515
-0.0428618
-0.0728083
-0.169094
-0.0836097
-0.0518652
0.0955122
0.0764175
0.0465183
0.0431781
0.0637264
0.0171472
-0.0344483
-0.047626
-0.0512101
-0.157565
-0.216996
-0.17781
-0.200402
-0.195743
-0.212057
-0.167407
-0.141968
-0.079594
-0.0365641
0.0217905
0.0186109
-0.00669977
-0.0721683
-0.0594712
-0.12841
-0.0292347
-0.0936668
-0.179682
-0.0275181
-0.0717462
-0.103343
0.000561244
-0.0449096
-0.0391847
0.0279012
-0.0176677
0.0289642
0.0642746
-0.013813
0.517261
1.02464
1.20888
1.64673
2.6161
2.88796
2.40492
1.93299
2.25321
2.28179
2.47788
2.92221
3.63933
3.4343
2.77507
2.22713
1.245
-0.0113296
-1.1417
-2.4428
-4.11128
-5.04376
-6.08715
-7.43722
-8.63363
-9.38865
-10.0869
-10.6984
-11.2707
-11.4129
-11.3885
-11.6725
-12.4416
-12.6819
-12.6946
-12.6708
-12.4999
-12.2661
-12.1279
-11.9566
-11.6416
-11.2397
-11.1771
-11.109
-11.0078
-10.9043
-10.8244
-10.6183
-10.5597
-10.972
-11.5761
-12.1405
-12.9103
-12.497
-11.7194
-11.4388
-12.1402
-12.8839
-13.3019
-13.8004
-13.9175
-12.948
-10.9611
-9.03925
-6.35952
-4.96704
-5.62942
-4.6612
-1.98578
-0.123817
0.000950015
0.417844
2.95939
4.6037
5.07129
5.15919
8.17888
8.476
7.54194
6.13777
5.01367
4.59754
4.71732
3.94329
2.87071
2.21622
2.08726
1.89657
1.69716
1.43868
1.20928
1.40484
1.52311
1.7038
2.01715
2.53238
2.87453
3.14291
3.32527
3.29029
3.25794
3.15394
3.14137
3.2135
3.31675
3.54686
4.24653
5.13562
5.58341
6.13589
6.80833
7.09086
7.25845
7.46723
7.53601
8.1736
9.06589
10.0285
10.4698
9.60216
8.23174
6.45257
3.19135
-0.321187
-3.97879
-6.91179
-8.88814
-9.08757
-8.44392
-7.93238
-7.84347
-8.74252
-9.62308
-10.1989
-10.7549
-11.0958
-11.3581
-11.8012
-11.3591
-11.1287
-10.9565
-11.0981
-11.1246
-11.1236
-11.1139
-11.2508
-11.3996
-11.4783
-11.4862
-11.0538
-11.0878
-11.281
-11.1771
-11.1708
-11.1618
-10.9962
-10.7251
-10.504
-10.6965
-11.0396
-10.9695
-10.9977
-10.9352
-10.7111
-10.3419
-10.3058
-10.3991
-10.7003
-11.0655
-10.8663
-10.5814
-10.3037
-10.0187
-9.93538
-10.0758
-10.2296
-10.4013
-10.3573
-10.091
-9.8412
-9.82498
-9.85974
-10.0471
-10.2868
-10.6638
-10.7628
-10.5071
-9.96712
-9.19003
-9.10201
-9.57838
-10.3827
-10.4508
-9.70191
-9.2843
-8.58508
-7.89896
-6.42263
-5.0148
-3.89351
-2.09426
0.0641383
1.78228
2.84463
3.50666
4.50017
5.11169
5.1522
5.4654
6.14703
6.6233
6.6558
6.85581
7.77463
8.37259
8.44407
8.31212
8.45138
8.4664
8.40769
8.2726
8.10777
8.06633
8.13054
8.57596
9.84947
10.9256
11.2309
11.2245
11.0912
11.0278
10.6697
10.2284
8.73731
6.39542
4.24343
3.17885
2.37939
0.93903
-0.519485
-1.58199
-1.55143
-0.989599
-0.946793
-1.78141
-2.73807
-3.80819
-5.10646
-6.43792
-7.30329
-8.37107
-9.22492
-10.0241
-10.8452
-10.994
-10.6275
-10.1682
-9.80767
-9.34939
-9.06675
-8.62588
-8.07951
-7.3705
-6.85361
-6.75226
-6.60053
-6.29123
-5.34533
-4.65804
-4.23717
-4.03804
-3.84559
-3.77297
-3.42972
-2.99348
-3.06084
-3.17163
-3.16567
-3.03325
-3.19106
-3.27806
-3.09815
-3.07797
-3.21427
-3.32699
-3.4866
-3.77256
-3.48922
-3.39472
-4.08594
-4.20565
-3.65464
-3.43409
-3.28532
-3.49331
-4.09108
-3.86235
-3.26425
-3.25875
-3.90188
-4.16137
-4.59417
-5.02743
-5.47422
-6.22366
-6.25424
-5.87292
-5.34117
-5.54558
-5.81188
-5.77794
-5.35884
-5.0753
-5.23887
-5.48322
-5.37925
-5.22659
-4.94337
-4.47604
-3.87316
-4.0363
-5.17987
-6.30986
-7.05694
-7.89026
-8.73178
-8.80211
-9.57167
-8.77594
-8.96144
-9.16618
-9.35046
-9.50235
-10.0045
-11.4014
-13.3171
-15.813
-18.4744
-20.5725
-22.4934
-24.1803
-26.1905
-28.2462
-30.0338
-31.4641
-32.7057
-33.9691
-35.4415
-36.7939
-37.3325
-37.4789
-37.4393
-37.3702
-37.5248
-37.6784
-37.7616
-37.774
-37.6823
-37.6273
-37.6564
-37.9011
-38.1344
-38.3898
-38.6415
-38.9065
-39.2301
-39.1722
-39.0389
-38.98
-39.065
-39.1294
-38.9859
-38.7465
-38.5056
-38.3032
-38.3215
-38.4484
-38.5259
-38.4762
-38.5302
-38.4552
-38.4668
-38.5895
-38.693
-38.6909
-38.5329
-38.5007
-38.6668
-38.8776
-38.9074
-38.8967
-38.8287
-38.7062
-38.5753
-38.4883
-38.6163
-38.5964
-38.6056
-38.5403
-38.6105
-38.6396
-38.6596
-38.6654
-38.5926
-38.7239
-38.8051
-38.7126
-38.5715
-38.4062
-38.351
-38.2945
-38.4727
-38.4488
-38.2527
-38.037
-38.0732
-38.3674
-38.7103
-38.8128
-38.8519
-39.0286
-39.0333
-39.0354
-39.0415
-38.8844
-37.5966
-36.4593
-35.4032
-34.1993
-33.2051
-32.0928
-30.2652
-28.0998
-26.2067
-24.4475
-23.3252
-21.7024
-20.051
-17.3498
-14.1824
-11.2604
-8.34543
-5.8404
-3.38783
-1.26733
1.38504
4.12064
6.9801
9.69351
11.8425
13.6239
15.4208
17.293
18.8215
20.1546
21.4031
22.5385
23.5301
24.3514
25.0835
25.7725
26.475
26.9757
27.2723
27.4783
27.8274
28.1639
28.3584
28.6864
28.9078
29.0612
28.9999
29.0853
29.1033
29.1955
29.2029
29.2845
29.4406
29.4406
29.3837
29.3179
29.3931
29.4383
29.489
29.426
29.4978
29.5174
29.3348
29.3083
29.4237
29.4672
29.5424
29.7067
29.7487
29.6736
29.6398
29.6308
29.5505
29.5282
29.6209
29.8028
29.7801
29.7335
29.756
29.7762
29.8727
29.7797
29.7903
29.8045
29.7939
29.6816
29.6592
29.6205
29.6425
29.6183
29.5519
29.5835
29.5529
29.6128
29.6768
29.7471
29.7732
29.8524
29.9066
29.8708
29.8498
29.8863
29.777
29.7213
29.6535
29.6607
29.6236
29.6777
29.8221
29.9577
30.041
30.5592
30.4435
30.6508
30.1459
29.5583
29.3258
29.0416
28.5528
27.8782
27.3028
27.5196
27.6166
27.2224
26.9237
26.8808
27.0152
26.9868
26.6139
26.5546
26.6282
26.7391
26.8562
26.9306
27.0466
27.0558
27.4021
27.5599
27.6505
27.6394
27.7935
27.9398
28.1847
28.308
28.32
28.1679
28.1313
28.0327
27.8804
27.8736
28.1301
28.3874
28.3
28.1558
28.0292
28.3254
28.6553
28.6867
28.7119
28.8745
29.2448
29.3611
29.245
29.0426
29.0049
29.0758
29.3623
29.5155
29.5776
29.6098
29.7149
29.7164
29.7755
29.966
30.2616
30.4592
30.5673
30.6192
30.5817
30.6282
30.6801
30.7863
30.8225
30.8709
31.0212
31.0382
30.9983
31.1207
31.4115
31.4813
31.3931
31.4455
31.5153
31.495
31.4785
31.3527
31.1233
30.96
30.839
30.6679
30.2913
30.1586
30.2717
30.3025
30.4798
30.7262
31.149
30.889
29.6551
28.5589
25.7536
23.4051
21.4017
19.3836
17.5105
15.7942
14.3397
12.9447
11.6725
9.94429
8.31289
7.43499
6.71145
6.07678
5.6044
5.18666
5.04861
5.02442
4.60534
4.49387
4.42772
4.39778
4.46226
4.30366
4.22984
4.04444
3.84678
3.72337
3.82555
3.88549
3.92354
3.91016
3.94459
3.90758
3.94342
3.88049
3.93771
3.89196
3.86562
3.7732
3.72506
3.80895
3.92888
3.89568
3.7223
3.60667
3.60354
3.62379
3.73551
3.94785
4.08712
4.08369
4.04981
4.06608
4.15494
4.42101
4.34487
3.89732
3.9137
4.27172
4.25959
3.90264
3.33146
2.41409
1.32256
0.817157
0.230426
-0.303114
-0.276385
-0.517281
-1.53475
-2.05561
-1.52074
-1.07271
-0.508519
0.226397
1.15651
1.23181
1.03522
1.54163
2.68729
3.12996
3.62428
4.49952
4.77785
5.13653
5.96707
7.22043
8.22492
8.85639
9.51149
10.4573
11.8487
12.6958
13.8426
16.2066
17.44
18.6686
20.5
22.7048
24.8275
27.3186
28.5632
28.1823
27.146
26.5096
26.4375
25.143
22.5871
19.6789
16.7676
13.9076
11.2203
8.65761
5.92909
3.01133
0.132039
-3.17785
-7.25382
-11.1684
-14.695
-18.9703
-23.2098
-26.3709
-28.7739
-30.8197
-33.2125
-34.3686
-34.1908
-33.2661
-31.3337
-29.8595
-29.4652
-28.7419
-26.5366
-23.1517
-19.9368
-17.3534
-14.7213
-12.2332
-9.78592
-7.19248
-4.63092
-2.67239
-1.26288
-0.359849
0.00625314
0.0461566
-0.141742
0.584277
1.03718
0.616595
-0.600372
-0.859352
-0.365816
0.902603
1.76348
1.55198
1.14859
1.15604
2.29965
3.35523
3.26269
3.43602
4.3806
5.26704
5.82283
6.18803
6.61207
7.39698
8.43159
9.42904
9.8206
10.4048
11.2323
12.4536
14.2511
15.7507
15.4201
13.6873
12.6087
12.049
12.0395
11.9622
10.9559
9.46079
8.30946
7.495
7.0268
5.97754
4.86125
3.72785
2.71583
1.90509
0.813189
0.508468
0.268465
0.0485604
0.587987
0.757547
2.36134
3.90504
4.74482
4.43452
3.88443
3.18334
2.11362
1.40447
2.00656
2.63984
2.18308
1.21307
2.5145
3.13328
2.0734
2.63586
3.99794
5.83457
7.20779
8.03959
8.31521
8.42301
8.43668
8.39734
9.94156
11.7797
12.3326
13.4448
15.0467
13.7485
11.9255
9.10351
7.11616
6.22397
6.82921
6.30243
4.90201
3.91054
2.87914
1.70977
0.944539
-0.0196126
-1.00029
-1.41056
-1.4118
-1.67391
-1.97854
-2.20756
-2.19219
-2.17373
-1.92747
-1.78073
-1.31449
-1.16563
-0.979755
-1.16036
1.73538
4.27251
4.72947
3.41079
3.03852
3.89727
5.50834
6.0098
5.83109
5.93255
5.06636
2.78582
-0.827202
0.106778
2.70838
3.18222
2.17652
3.03117
5.33808
7.23626
8.73164
9.75748
10.6274
11.3725
11.9918
13.5512
14.9616
15.7898
16.0453
16.9458
17.1814
15.5134
13.572
11.6863
10.1924
8.69208
7.80708
7.01025
6.06321
4.91317
4.16007
2.91456
0.85935
-0.473147
-1.1432
-2.32506
-3.24686
-3.96797
-4.24036
-4.23636
-3.77018
-3.05886
-2.58811
-2.48157
-2.68311
-2.7769
-2.36418
-1.85722
-1.89705
-1.44779
-0.939677
-0.769346
-0.132857
0.107858
0.520012
1.96512
3.83602
4.36781
4.03276
3.13326
2.14614
1.87459
1.66492
1.28343
0.560515
-0.415837
-1.02084
-1.09152
-0.673713
-0.181522
0.361905
0.46321
0.610637
0.909841
1.16753
1.46076
1.54664
1.51714
1.62773
1.82953
1.89109
1.62933
1.18168
0.854071
0.955681
1.07115
1.01903
1.10441
1.17529
1.26047
1.03455
0.52295
0.27668
-0.454734
-1.41694
-3.42448
-4.30331
-3.578
-2.39474
-1.68191
-1.20297
-1.36825
-1.88418
-2.80729
-3.50133
-3.17101
-2.16671
-1.64132
-1.88956
-1.68693
-0.532832
1.28931
3.15642
4.08077
4.54664
4.14737
3.73852
4.17987
4.75582
5.31081
5.23022
4.98675
4.52368
4.46295
4.71467
4.85869
4.87356
4.54317
4.48628
4.54392
5.15321
5.50045
5.21852
4.83142
4.02607
4.25536
4.72911
5.1445
5.14202
5.40326
5.7868
6.17088
6.34778
5.74676
4.51477
4.07987
3.67283
3.28592
3.16732
3.03199
2.50381
2.50436
2.22385
2.05635
2.0414
1.99192
1.83897
1.8211
1.86385
1.76467
1.78368
1.74535
1.62008
1.5996
1.61121
1.61295
1.67558
1.71377
1.68777
1.70539
1.69735
1.69101
1.63574
1.56985
1.58513
1.59273
1.60947
1.61641
1.60603
1.55368
1.50731
1.52419
1.51846
1.54748
1.53374
1.573
1.54657
1.49495
1.4981
1.54545
1.48184
1.49773
1.5884
1.60556
1.53407
1.47533
1.49006
1.47847
