0
0.0061054
-0.00672989
-0.000642072
0.0449319
0.0539991
0.05081
0.0583725
0.0100652
-0.0193275
-0.0343359
0.0143018
0.0669579
0.069688
0.103239
0.113937
0.0875001
0.115629
0.113682
0.113239
0.0848535
0.0896063
0.113852
0.0909265
0.0474026
0.0829127
0.110125
0.0652312
0.163932
0.164368
0.157829
0.188014
0.166224
0.0927947
0.0206607
-0.0290633
0.0055188
0.0418057
-0.00553854
0.00996256
-0.0492383
-0.0771641
-0.0265964
-0.0258145
0.0538474
0.0631325
0.0699645
0.0716496
0.0652444
0.140922
0.107789
0.0547768
0.0450008
0.024626
-0.06976
-0.0927436
-0.05055
-0.00724081
0.0601786
0.0827846
0.0661004
0.0632251
0.0668224
0.0323436
0.0308316
-0.018469
-0.0335412
-0.0644593
-0.0627697
-0.084155
-0.0676076
0.0202934
0.0184092
0.00778847
0.0199925
0.0373002
-0.0170324
-0.00680175
0.126737
0.0897327
0.0339526
0.0596126
0.106854
0.107639
0.0117315
0.00946896
0.0580175
0.050522
0.0302127
0.0282744
0.0242415
0.0451243
0.0730844
0.0320948
-0.0160598
0.012222
0.0600893
0.160441
0.167951
0.12568
0.088707
0.0638685
0.0385026
0.013845
0.0490575
0.103558
0.0661473
0.0356265
0.0318098
0.00522526
-0.0483115
-0.0235112
-0.0596757
0.0454485
0.0398726
0.0204857
-0.0299842
0.0342663
0.014115
-0.0890482
-0.103613
-0.119852
-0.0470287
-0.0108251
0.00550109
-0.0233616
-0.113122
-0.125059
-0.0972568
-0.0490279
-0.0263918
-0.0164528
0.0213472
0.00807526
-0.028909
-0.0156153
-0.0612271
-0.00360282
0.0202174
-0.00834357
0.0128954
-0.0362217
-0.072387
-0.0856978
-0.0704232
-0.0373653
-0.109757
-0.186435
-0.1914
-0.118339
-0.0758256
-0.0726104
-0.0976173
-0.130468
-0.0840537
-0.117538
-0.189929
-0.215907
-0.23534
-0.220395
-0.105972
-0.0578684
-0.0259767
0.0366395
0.00207006
0.00847593
0.051971
0.0109401
0.0325174
0.000846242
0.0496499
0.0998449
0.0544547
0.0389501
0.0845438
0.0364569
-0.0165119
-0.102473
-0.0990585
-0.0896552
-0.106129
-0.169153
-0.148822
-0.152757
-0.179362
-0.21173
-0.166118
-0.190099
-0.178758
-0.255908
-0.257086
-0.213832
-0.192932
-0.203557
-0.215979
-0.24076
-0.168631
-0.0874826
-0.0831655
-0.0853938
-0.138873
-0.123923
-0.0561791
0.0378246
0.108806
0.0673879
0.0424097
0.133548
0.179134
0.148305
0.159347
0.157272
0.188359
0.197096
0.11002
0.164345
0.134504
0.117281
0.0993963
0.122401
0.14453
0.208537
0.191169
0.126643
0.143025
0.143304
0.174319
0.126743
0.114396
0.0401859
-0.00256084
0.0202665
-0.0221516
-0.0760467
-0.0590863
-0.0576409
-0.112497
-0.112788
-0.0223127
0.107911
0.067129
-0.00964642
-0.0341235
-0.119311
-0.116495
-0.0490507
-0.0224451
0.0133935
0.0723513
-0.0187685
-0.0396354
-0.029645
-0.033752
-0.0174639
-0.0416807
-0.074942
-0.129881
-0.18471
-0.0941349
-0.125394
-0.0879271
-0.0555173
-0.0139247
0.0353832
0.0337702
0.0211725
-0.0431781
-0.0754538
-0.180141
-0.0848893
-0.0501081
0.110709
0.0875198
0.0532334
0.0486565
0.0701037
0.0182576
-0.0379096
-0.0512869
-0.0541735
-0.169531
-0.232009
-0.186407
-0.209368
-0.202632
-0.219402
-0.169603
-0.141513
-0.0736336
-0.0275504
0.0346151
0.0286582
-0.000768241
-0.0732683
-0.0603082
-0.137567
-0.0286501
-0.0977329
-0.186943
-0.0183847
-0.0707088
-0.103863
0.0102605
-0.0419372
-0.0349657
0.0379545
-0.0136202
0.0375174
0.0736144
-0.0135171
0.559711
1.09076
1.25887
1.71214
2.71787
2.87829
2.19205
1.65785
2.02154
2.05583
2.24524
2.66693
3.38117
3.13126
2.42684
1.82165
0.693365
-0.656043
-1.80909
-3.16084
-4.90883
-5.86616
-6.91977
-8.29637
-9.38547
-10.0364
-10.6885
-11.2627
-11.7949
-11.8729
-11.7822
-12.0418
-12.8232
-13.0272
-12.9972
-12.929
-12.7171
-12.4518
-12.3082
-12.1159
-11.7743
-11.3489
-11.3041
-11.2624
-11.187
-11.1005
-11.0359
-10.8367
-10.7953
-11.2683
-11.9674
-12.6417
-13.5883
-13.2787
-12.5374
-12.2628
-12.9792
-13.7017
-14.0868
-14.5919
-14.7087
-13.6802
-11.5274
-9.43004
-6.54428
-4.86293
-5.2355
-4.17255
-1.42921
0.594573
0.873674
1.40164
3.97991
5.63165
6.03187
6.03494
9.21745
9.47037
8.41473
6.86302
5.60349
5.08651
5.13184
4.22516
3.03185
2.32433
2.1909
1.98671
1.77475
1.49696
1.24936
1.46292
1.5841
1.77207
2.09491
2.634
2.98161
3.24929
3.42175
3.35863
3.30608
3.17995
3.15244
3.21897
3.3235
3.57492
4.34207
5.30591
5.78532
6.38724
7.09614
7.34086
7.41489
7.45045
7.32484
7.86179
8.61003
9.42208
9.70835
8.67098
7.19753
5.35228
1.94508
-1.57061
-5.21829
-8.08633
-9.98313
-10.0081
-9.16707
-8.48446
-8.26675
-9.14427
-10.0358
-10.631
-11.223
-11.5769
-11.8277
-12.2751
-11.7694
-11.515
-11.324
-11.4675
-11.4805
-11.4625
-11.4369
-11.5813
-11.743
-11.8224
-11.8263
-11.3533
-11.3961
-11.61
-11.4949
-11.502
-11.5063
-11.3333
-11.0461
-10.8128
-11.0189
-11.3759
-11.2766
-11.2944
-11.2233
-10.985
-10.5988
-10.5834
-10.6957
-11.022
-11.4148
-11.1956
-10.8912
-10.5954
-10.2897
-10.2044
-10.3624
-10.5305
-10.7158
-10.6695
-10.383
-10.1135
-10.1012
-10.1464
-10.359
-10.6191
-11.0121
-11.1014
-10.8239
-10.309
-9.54149
-9.42682
-9.79117
-10.4455
-10.2608
-9.22864
-8.60172
-7.75758
-6.97841
-5.36655
-3.79047
-2.55536
-0.716895
1.56025
3.30891
4.38035
5.07798
6.16051
6.81234
6.8727
7.22269
7.89344
8.28948
8.24518
8.41927
9.26913
9.73595
9.64798
9.36392
9.36754
9.23481
9.03309
8.7498
8.46191
8.32383
8.28521
8.61789
9.79149
10.722
10.8165
10.6415
10.4156
10.3301
9.98246
9.6028
8.11896
5.76832
3.63858
2.66826
1.96014
0.578496
-0.825381
-1.81246
-1.64748
-0.922346
-0.748112
-1.539
-2.45036
-3.50039
-4.83658
-6.26823
-7.20752
-8.35749
-9.26974
-10.1319
-11.0169
-11.167
-10.7772
-10.2967
-9.92032
-9.43794
-9.15897
-8.71101
-8.15299
-7.42517
-6.90772
-6.83894
-6.71212
-6.41781
-5.42655
-4.7135
-4.287
-4.09626
-3.91982
-3.88069
-3.54594
-3.10388
-3.20759
-3.35628
-3.37909
-3.26188
-3.45649
-3.57017
-3.38902
-3.37853
-3.52972
-3.65211
-3.82743
-4.14173
-3.83949
-3.74382
-4.49114
-4.61054
-4.01158
-3.77991
-3.61455
-3.82753
-4.45789
-4.19653
-3.5521
-3.55508
-4.24868
-4.51755
-4.97368
-5.42374
-5.88741
-6.6798
-6.6862
-6.2574
-5.67535
-5.89406
-6.16683
-6.11777
-5.66534
-5.37115
-5.55378
-5.81241
-5.70242
-5.56209
-5.2959
-4.84762
-4.27219
-4.52927
-5.82001
-7.05358
-7.84187
-8.72145
-9.61506
-9.69369
-10.5545
-9.69751
-9.93637
-10.2311
-10.5466
-10.8468
-11.5255
-13.1636
-15.3162
-18.0522
-20.8808
-23.0109
-24.9374
-26.607
-28.6183
-30.654
-32.3825
-33.7272
-34.8858
-36.0785
-37.502
-38.7779
-39.1724
-39.19
-39.0526
-38.9131
-39.036
-39.1685
-39.2326
-39.2285
-39.1183
-39.0535
-39.0812
-39.3419
-39.5844
-39.8439
-40.0943
-40.3587
-40.6874
-40.5982
-40.4401
-40.3696
-40.4552
-40.5155
-40.3525
-40.0937
-39.8394
-39.6295
-39.6628
-39.8143
-39.9056
-39.8573
-39.9256
-39.8526
-39.8737
-40.0141
-40.128
-40.1255
-39.9564
-39.9296
-40.1176
-40.3487
-40.3776
-40.3626
-40.2882
-40.1565
-40.0194
-39.932
-40.0777
-40.059
-40.0735
-40.0064
-40.0872
-40.1202
-40.1426
-40.1532
-40.0779
-40.2225
-40.3086
-40.2037
-40.0479
-39.8691
-39.8163
-39.7625
-39.9593
-39.928
-39.7104
-39.4763
-39.5174
-39.8282
-40.1747
-40.2385
-40.2246
-40.3565
-40.2801
-40.1849
-40.094
-39.8303
-38.3453
-37.0546
-35.8584
-34.5189
-33.4337
-32.202
-30.1558
-27.7532
-25.7174
-23.8615
-22.6875
-20.9036
-19.0825
-16.0641
-12.6007
-9.47464
-6.44494
-3.94089
-1.4936
0.579155
3.2676
6.01432
8.87657
11.5474
13.5747
15.2124
16.8956
18.6759
20.0907
21.3177
22.4683
23.5135
24.4174
25.1576
25.8207
26.4397
27.0872
27.5306
27.7676
27.9196
28.2344
28.5395
28.6928
29.0031
29.2013
29.3286
29.2265
29.2964
29.2978
29.3825
29.3757
29.4533
29.6114
29.5983
29.5243
29.4407
29.5144
29.5557
29.6059
29.5338
29.6101
29.6324
29.4337
29.4055
29.5307
29.5772
29.6588
29.8355
29.8791
29.7966
29.759
29.7533
29.6696
29.6482
29.7485
29.9429
29.9092
29.8546
29.8821
29.905
30.0099
29.9066
29.916
29.9286
29.9148
29.7939
29.7716
29.7306
29.7554
29.7285
29.6593
29.6985
29.668
29.7356
29.8051
29.883
29.9108
29.9929
30.0464
30.0027
29.9781
30.016
29.8972
29.8403
29.7694
29.779
29.7377
29.79
29.9364
30.0676
30.1388
30.6692
30.5219
30.7382
30.1807
29.5349
29.2777
28.9626
28.4428
27.7363
27.1525
27.432
27.5921
27.2253
26.939
26.9071
27.0639
27.0497
26.6667
26.6179
26.7062
26.8376
26.9708
27.0549
27.1833
27.1962
27.5758
27.7341
27.8186
27.7929
27.9577
28.1167
28.3725
28.4985
28.4977
28.3161
28.2701
28.1643
28.0019
27.9903
28.264
28.5414
28.4538
28.3078
28.1776
28.4996
28.857
28.8924
28.9226
29.091
29.4839
29.6116
29.4871
29.2632
29.2167
29.2862
29.5969
29.7687
29.8389
29.8668
29.9671
29.9583
30.0191
30.22
30.5342
30.7436
30.8555
30.9066
30.8602
30.9031
30.9502
31.0555
31.0866
31.131
31.2821
31.2909
31.2371
31.3536
31.6523
31.7175
31.6157
31.6588
31.7149
31.6641
31.616
31.4551
31.1931
31.0079
30.8615
30.659
30.2366
30.0786
30.1641
30.1329
30.2449
30.3568
30.6891
30.2678
28.8295
27.4698
24.3604
21.7687
19.6381
17.5113
15.6035
13.9087
12.408
11.0471
9.87796
8.23124
6.70014
5.96827
5.35332
4.82209
4.45508
4.13758
4.08999
4.14571
3.76039
3.66336
3.64549
3.65304
3.76785
3.61301
3.55204
3.38837
3.17464
3.04499
3.1844
3.25957
3.30621
3.28547
3.32183
3.2804
3.3137
3.24275
3.30828
3.27036
3.2489
3.15013
3.08503
3.15746
3.279
3.24004
3.04829
2.91631
2.90707
2.92939
3.04415
3.27368
3.41756
3.3544
3.28305
3.25017
3.28227
3.50219
3.40086
2.86556
2.66562
2.8569
2.79153
2.40739
1.80064
0.855454
-0.207012
-0.575532
-1.05373
-1.49939
-1.34996
-1.48475
-2.44681
-2.90995
-2.34515
-1.94119
-1.50255
-0.942477
-0.151168
-0.320076
-0.65745
-0.16396
1.0434
1.60145
2.22372
3.16914
3.57805
4.21194
5.29946
6.66951
7.97527
9.00473
9.85858
10.895
12.5489
13.7094
15.0258
17.5708
18.9317
20.3283
22.221
24.494
26.7633
29.3968
30.5386
29.7855
28.322
27.3325
26.8967
25.114
22.0055
18.6422
15.1941
11.7059
8.57037
5.72095
2.78579
-0.275467
-3.33672
-6.98534
-11.4154
-15.3947
-18.8186
-23.0686
-27.1702
-30.0394
-32.1265
-33.8644
-35.9856
-36.7341
-36.0693
-34.7383
-32.3867
-30.5381
-29.8717
-28.8155
-26.2829
-22.6216
-19.2336
-16.5775
-13.8707
-11.3708
-8.95158
-6.41364
-3.92254
-2.06103
-0.741623
0.0871867
0.370545
0.319998
0.114181
0.923051
1.39854
0.970456
-0.210021
-0.32114
0.314453
1.72074
2.66442
2.53155
2.23166
2.30683
3.50776
4.53431
4.34578
4.47702
5.37235
6.14337
6.52499
6.69393
6.92008
7.54507
8.45915
9.34805
9.59421
10.0413
10.7493
11.9232
13.7375
15.2651
14.8783
12.9865
11.8559
11.2979
11.3242
11.2772
10.2061
8.61651
7.39933
6.54801
6.07482
4.9737
3.80518
2.62299
1.59794
0.805441
-0.27328
-0.504645
-0.687642
-0.877612
-0.266679
-0.0986139
1.62055
3.27609
4.17733
3.85676
3.2986
2.57983
1.50538
0.897862
1.68245
2.38878
1.8789
0.892402
2.30965
2.92562
1.73984
2.3349
3.74218
5.62691
6.98063
7.75387
7.97197
8.06104
8.02422
7.83718
9.13053
10.6608
11.0196
12.0864
13.7671
12.2422
10.3865
7.56833
5.70826
4.94112
5.72541
5.24426
3.82559
2.81597
1.75987
0.56864
-0.204317
-1.19411
-2.19841
-2.58245
-2.51666
-2.74699
-3.03822
-3.25593
-3.20598
-3.16067
-2.87987
-2.72142
-2.22633
-2.08329
-1.89652
-2.11142
0.981312
3.66525
4.12517
2.76262
2.53087
3.59731
5.48249
6.3599
6.65285
7.0032
6.14362
3.83481
0.458662
1.82707
4.54587
4.87087
3.83377
4.83717
7.14964
8.75986
9.92055
10.6436
11.2105
11.6051
11.7583
12.5049
13.1458
13.4665
13.4151
14.2458
14.6929
13.1712
11.3306
9.52542
8.17154
6.84207
6.09782
5.35255
4.42782
3.28707
2.60299
1.38777
-0.705972
-2.04392
-2.69356
-3.86986
-4.76364
-5.44778
-5.64645
-5.55158
-4.9854
-4.19
-3.66381
-3.52665
-3.72825
-3.81821
-3.37247
-2.82004
-2.84282
-2.30112
-1.69672
-1.44193
-0.678452
-0.394597
0.0278731
1.50498
3.45487
4.07437
3.80521
2.91315
1.84159
1.47603
1.2923
1.06584
0.486078
-0.529966
-1.27162
-1.49808
-1.17926
-0.657025
0.0285626
0.103988
0.0893437
0.167896
0.30228
0.574029
0.660734
0.658454
0.77786
0.898179
0.947593
0.76923
0.430709
0.101743
0.215046
0.391169
0.460122
0.753898
1.07633
1.3467
1.18235
0.692459
0.444862
-0.456409
-1.63575
-3.80674
-4.64773
-3.88052
-2.82475
-2.33364
-1.97494
-2.19793
-2.74663
-3.71669
-4.47087
-4.17385
-3.15908
-2.59563
-2.81477
-2.56293
-1.3446
0.533833
2.47837
3.45327
3.90722
3.42059
2.92426
3.33282
3.874
4.42424
4.31983
4.04853
3.51791
3.40718
3.6469
3.78873
3.81625
3.47665
3.42479
3.47231
4.11061
4.46821
4.16577
3.76298
2.83502
3.06523
3.57985
4.01771
3.99016
4.25539
4.64216
5.01446
5.1458
4.4132
3.06141
2.62158
2.21041
1.82418
1.72611
1.59949
1.05894
1.09124
0.808233
0.647256
0.655012
0.613045
0.461295
0.453906
0.508075
0.40628
0.432358
0.393188
0.259371
0.239757
0.253511
0.255811
0.323537
0.36234
0.330897
0.346869
0.334553
0.324268
0.260437
0.185684
0.200163
0.205268
0.220021
0.223475
0.208443
0.147026
0.0931716
0.108643
0.0985935
0.12658
0.107669
0.146153
0.112348
0.0517957
0.0514967
0.098916
0.0251771
0.0384061
0.132697
0.145626
0.0630568
-0.00595587
0.00641215
-0.010834
