0.220769
0.0905666
-0.0254954
-0.114578
-0.0757719
0.0280717
-0.026232
-0.0390161
-0.0719931
-0.0826512
-0.104412
-0.0818271
-0.00722784
-0.00284794
-0.0278816
-0.0020914
0.0795205
0.0591588
-0.0403432
-0.0933952
-0.0862618
-0.0255974
-0.00684689
-0.0236514
0.0110972
-0.0301875
-0.032542
0.00154997
-0.0803259
-0.127574
-0.18503
-0.227206
-0.219031
-0.249378
-0.243109
-0.19707
-0.180736
-0.111568
-0.022011
-0.00877609
0.00921354
0.0231646
0.0561529
0.0517261
0.0776567
0.075724
0.0769895
0.0316979
0.00266374
-0.0217342
-0.0137912
-0.0102474
-0.00743298
0.00762147
0.00740704
-0.0177684
-0.00249367
0.0577711
0.0718495
0.0265559
-0.0193721
0.00669264
0.0300242
0.0611904
0.114252
0.12059
0.0790492
-0.012564
-0.0517128
-0.142686
-0.18096
-0.188021
-0.109823
-0.069228
-0.0430264
-0.0701082
-0.111001
-0.0801089
-0.102378
-0.0729397
-0.0635417
-0.0322375
-0.006043
-0.00909683
0.0349417
0.0556849
0.0244778
0.0631902
0.0480439
0.000197522
-0.0231472
-0.00184856
-0.0107874
0.0375854
0.0665936
0.13458
0.106919
0.0833939
0.0672179
0.0550324
0.0445859
0.0126604
-0.0284113
0.0178589
0.00525521
-0.0375745
0.0560927
0.0303048
0.0422631
0.0157268
0.033329
0.0137108
0.091161
0.0574022
0.0610279
0.0229897
-0.00993056
-0.0338007
-0.0461347
-0.0701151
-0.0384084
-0.0452287
-0.0622795
-0.0839551
-0.100785
-0.092431
-0.0828794
-0.144421
-0.119683
-0.0962577
-0.0193772
-0.0475559
-0.0705785
-0.104209
-0.0890629
-0.0741767
-0.123578
-0.111225
-0.159973
-0.216282
-0.198586
-0.165791
-0.154717
-0.164557
-0.157968
-0.160689
-0.197901
-0.205523
-0.177679
-0.21212
-0.184175
-0.133639
-0.109307
-0.0945404
-0.0836911
-0.0201595
-0.0468128
0.00737175
-0.0044198
-0.0252226
-0.0460311
-0.0767123
-0.104967
-0.0896361
-0.14489
-0.165363
-0.163699
-0.177148
-0.223072
-0.22092
-0.252985
-0.299815
-0.255917
-0.229184
-0.120984
-0.108823
-0.113351
-0.130281
-0.144064
-0.154314
-0.154599
-0.151306
-0.196118
-0.196361
-0.146624
-0.0590312
-0.0595608
-0.0441058
-0.0497834
-0.117775
-0.0971761
-0.112475
-0.143922
-0.123699
-0.133356
-0.100677
-0.0959161
-0.151721
-0.149931
-0.154632
-0.187362
-0.144584
-0.111576
-0.0798413
-0.0864774
-0.106976
-0.0788874
-0.045349
-0.0268033
0.00593881
0.00185391
-0.0394171
-0.0726866
-0.0870394
-0.0885432
-0.0234516
-0.0116127
-0.0116054
0.0124143
-0.0754493
-0.0825341
-0.100748
-0.0878166
-0.0703282
-0.113321
-0.114848
-0.0369875
-0.00195334
0.00952888
-0.0297218
-0.108814
-0.201508
-0.182705
-0.189445
-0.18497
-0.215482
-0.171965
-0.194334
-0.156292
-0.0854303
-0.0651614
-0.0688306
-0.0752563
-0.015067
-0.0290267
0.00130672
0.0297542
0.0223276
0.0770688
0.111387
0.0963419
0.0820961
-0.0204342
-0.129535
-0.190911
-0.183361
-0.21904
-0.196826
-0.146419
-0.118202
-0.0918261
-0.0852728
-0.0839742
-0.0747611
-0.12052
-0.124342
-0.108331
-0.125825
-0.152218
-0.213734
-0.24941
-0.252939
-0.19768
-0.185733
-0.225516
-0.262252
-0.315245
-0.316218
-0.252257
-0.242778
-0.221105
-0.222356
-0.194548
-0.166589
-0.129237
-0.0861242
-0.00772274
0.0442691
0.00412443
-0.0225868
-0.0219959
-0.0348545
0.0377854
0.024497
-0.0628667
0.01604
-0.0389433
-0.0566333
0.0389169
-0.137077
-0.104357
-0.19013
-0.262805
-0.256069
-0.229571
-0.242616
-0.201253
-0.186857
-0.34389
-0.143108
-0.297758
-0.341491
-0.187936
-0.562644
-1.33496
-1.51965
-0.0364731
0.747686
0.653216
0.0472383
-0.723592
-1.11565
-0.666412
-0.259132
-0.670773
-0.853704
-0.1359
0.33084
0.488442
0.81382
1.29482
1.99109
2.95245
4.3574
4.72085
4.82856
5.18038
5.34334
5.44579
5.6498
5.63559
6.16243
6.6351
6.76268
6.79404
6.86635
6.96916
6.88793
6.878
7.03252
6.92755
6.65898
6.64018
6.77766
6.66456
6.57284
6.62978
6.55469
6.44833
6.57042
6.75973
6.97909
6.73982
5.85344
4.18689
2.298
1.50162
1.35828
1.46429
1.89523
2.39451
2.00627
0.670952
-0.659634
-1.93941
-3.31024
-3.67928
-3.31118
-3.78793
-4.66504
-5.03219
-5.44659
-5.77044
-5.96369
-4.72114
-3.51291
-5.23466
-5.56067
-5.20941
-4.6042
-4.07414
-3.69735
-3.28477
-2.46455
-1.8415
-1.63079
-1.32145
-1.1777
-1.08478
-0.837053
-0.467451
0.282862
0.789674
1.10267
1.18164
1.18139
1.5038
1.85598
2.20445
2.25225
2.10933
2.18216
2.32335
2.45067
2.3469
2.1295
1.75477
1.56466
1.49074
1.03056
0.285957
-0.816303
-1.78089
-1.38644
-1.0429
-1.98685
-2.48018
-2.21511
-1.36708
-0.653308
0.00703014
1.10575
2.44726
3.09665
3.26539
3.31038
3.05022
2.83884
2.5995
2.78745
2.77193
2.59412
2.34076
2.09732
2.04064
2.50545
2.79201
2.9799
2.8116
2.55026
2.29101
2.07432
1.927
1.52959
1.35089
1.32162
1.49483
1.41501
1.28942
1.03895
0.959254
0.941505
0.780793
0.679113
0.505391
-0.00566533
-0.281891
-0.12816
0.234103
0.409588
0.0714883
-0.356581
-0.747386
-1.19865
-1.48215
-1.39794
-0.934391
-0.688009
-0.592121
-0.727801
-0.928251
-1.03035
-1.1404
-1.06428
-0.836485
-0.45067
-0.16881
-0.0826811
-0.278222
-0.263492
-0.276809
-0.233135
-0.0542988
0.0240286
0.317176
0.559168
1.20761
0.817004
-0.195268
-1.20993
-1.97374
-2.81807
-3.51246
-3.96168
-4.58575
-4.95248
-5.06498
-5.12397
-5.6584
-6.24673
-6.14019
-6.95313
-7.33222
-7.78908
-8.12455
-8.54173
-8.75537
-9.02989
-9.10287
-8.9648
-8.64996
-8.3675
-8.03866
-7.8665
-7.14587
-6.36563
-5.9231
-5.74505
-5.69849
-5.633
-5.33463
-4.69561
-4.22288
-3.97284
-3.74555
-3.14304
-2.44957
-1.6258
-0.975211
-0.137086
0.839019
1.88458
3.33409
4.49957
4.61899
4.50486
4.70885
5.02577
5.81495
6.91509
6.92113
6.27794
5.66267
5.81307
6.42056
6.33106
5.85248
5.71901
5.35331
4.75405
4.3579
4.16378
3.99215
3.79765
3.26756
3.11987
2.94749
2.89935
2.88745
2.9191
2.86507
2.69699
2.66625
2.62288
2.55236
2.48576
2.32749
2.01518
1.80502
1.69279
1.39157
1.64336
1.92335
1.8386
1.66941
1.69247
1.76497
1.82158
2.04571
2.00048
1.7956
1.48317
1.44455
1.35354
1.22761
1.0703
1.14852
1.06233
1.00152
0.973882
0.625896
0.162694
-0.0398659
-0.133937
-0.505716
-0.519952
-0.938959
-1.58822
-1.97246
-1.91356
-2.0766
-1.88184
-1.65619
-1.61653
-1.4917
-1.55947
-1.9866
-2.30659
-2.45803
-2.73341
-3.10459
-3.39057
-3.51662
-3.48727
-3.33263
-3.02256
-2.80981
-2.46404
-2.54829
-2.86159
-2.69745
-2.36635
-1.8493
-2.07531
-2.14697
-2.05625
-2.51973
-2.44559
-2.93584
-2.8237
-2.31298
-2.27658
-2.50462
-2.86133
-3.06318
-2.95646
-2.91902
-2.87148
-2.79142
-3.13116
-3.02399
-3.25353
-3.2161
-2.93772
-2.84071
-2.82814
-2.86373
-2.93324
-2.92237
-2.68253
-2.88659
-3.18182
-3.25525
-3.25984
-3.19978
-3.22954
-3.33785
-3.38772
-3.45717
-3.46007
-3.33018
-3.06642
-2.8447
-2.66832
-2.51376
-2.45968
-2.39619
-2.27951
-2.30102
-2.17155
-2.08203
-2.08366
-2.08656
-1.98452
-1.94824
-1.79757
-1.78602
-1.79376
-1.66818
-1.55468
-1.49299
-1.50495
-1.39332
-1.36728
-1.3187
-1.36108
-1.32018
-1.23079
-1.13566
-1.21532
-1.11096
-1.00353
-0.930003
-0.88914
-0.928486
-0.889512
-0.890622
-0.909049
-0.919072
-0.730179
-0.71613
-0.684125
-0.585694
-0.453273
-0.320561
-0.295992
-0.0815894
-0.142671
-0.253524
-0.295629
-0.251826
-0.351619
-0.583355
-0.616408
-0.676603
-0.816296
-0.915357
-0.966951
-0.896451
-0.837548
-0.847489
-1.06824
-1.49825
-2.20013
-3.13037
-2.87033
-2.85876
-3.44209
-4.34828
-4.62842
-4.82804
-4.4371
-4.02491
-3.89087
-4.28501
-4.35838
-4.8461
-4.84934
-4.62157
-4.41894
-3.96539
-4.55304
-4.51215
-4.08576
-3.64226
-3.48505
-3.39505
-3.44372
-3.23338
-3.09811
-2.79698
-2.66639
-2.58997
-2.46478
-2.41795
-2.32156
-2.14583
-2.02623
-1.96853
-1.7515
-1.62476
-1.59107
-1.42418
-1.29106
-1.33596
-1.1217
-1.04576
-1.01629
-0.906013
-0.776963
-0.724345
-0.672237
-0.727305
-0.846458
-0.864407
-0.910981
-0.865052
-0.761293
-0.705229
-0.674482
-0.680689
-0.654502
-0.763385
-0.794081
-0.702016
-0.601033
-0.598907
-0.629026
-0.721741
-0.702091
-0.803388
-0.861988
-0.81916
-0.729174
-0.679383
-0.639889
-0.588571
-0.604823
-0.681206
-0.586954
-0.655323
-0.68085
-0.702946
-0.77361
-0.851015
-0.893286
-0.908293
-0.911349
-0.855412
-0.76771
-0.737304
-0.78743
-0.891587
-0.903409
-0.903307
-0.873046
-0.880875
-0.829203
-0.759862
-0.79662
-0.769184
-0.767971
-0.902652
-0.984438
-1.06476
-1.07858
-1.02275
-0.976012
-1.00186
-0.997378
-0.96425
-0.941692
-0.848028
-0.850284
-0.86538
-1.18712
-1.14369
-1.80749
-2.04675
-2.44449
-2.66775
-3.04615
-3.15027
-2.92787
-2.64642
-2.72483
-3.03313
-2.88794
-3.1308
-3.40791
-3.55372
-3.69358
-3.84774
-4.03113
-4.29872
-4.26612
-4.42328
-4.70087
-4.7671
-4.84741
-4.99151
-5.18885
-5.31485
-5.44868
-5.63081
-5.78511
-5.95943
-5.74011
-5.64645
-5.61676
-5.78684
-6.023
-6.18915
-6.33632
-6.5214
-6.68665
-6.75668
-6.71073
-6.67119
-6.80014
-6.98998
-6.99422
-7.00721
-7.06121
-7.30134
-7.33007
-7.28848
-7.18748
-7.14989
-7.36559
-7.42004
-7.35353
-7.25633
-7.1911
-7.12673
-7.12482
-7.04151
-7.05964
-7.03442
-6.92748
-6.85966
-6.76989
-6.78157
-6.78664
-6.81096
-6.8475
-6.95048
-6.92493
-6.96015
-6.89535
-6.75881
-6.72007
-6.66793
-6.61502
-6.5685
-6.67563
-6.76107
-6.71844
-6.80567
-6.85279
-6.80468
-6.77745
-6.76403
-6.87865
-6.9475
-6.95566
-6.97534
-6.76634
-6.36571
-5.43134
-3.88844
-1.76341
1.39608
4.10882
8.19737
11.4566
14.5695
16.6743
19.7572
23.054
24.8801
26.4475
27.5814
28.888
30.6142
31.8644
32.5238
32.9363
33.0807
33.0823
33.428
33.8692
33.9436
33.9338
33.9126
34.0419
34.0874
34.217
34.2213
34.096
34.2375
34.4308
34.4227
34.268
34.2595
34.2866
34.3051
34.4384
34.4587
34.2842
34.337
34.3983
34.4264
34.4325
34.4681
34.6102
34.7373
34.7548
34.6936
34.4664
34.4119
34.363
34.2381
33.9036
33.3891
32.7302
32.0197
31.0105
29.4896
27.9421
26.1008
23.5869
20.1089
17.0107
14.8309
13.2149
11.7624
10.536
10.0379
8.03233
5.0744
2.26258
0.0365621
-2.42319
-5.01416
-8.42791
-13.2056
-17.6509
-21.2996
-23.1163
-25.0089
-26.9384
-30.0169
-32.6932
-34.6682
-36.3638
-37.7278
-39.0976
-40.0077
-41.556
-43.2373
-44.4044
-44.1595
-43.1679
-43.0083
-43.1964
-42.8822
-41.3321
-40.1739
-38.768
-36.8747
-35.4308
-34.7189
-33.8945
-33.0013
-31.9124
-30.349
-28.4758
-26.9494
-25.8427
-24.9841
-23.5818
-22.0045
-20.2192
-19.412
-19.0636
-18.155
-16.9193
-15.5188
-14.0296
-13.1182
-12.1827
-11.5147
-10.3936
-9.37096
-9.04943
-8.90243
-8.51364
-8.25708
-8.4502
-9.0824
-9.78167
-9.47047
-9.3822
-10.4489
-11.0945
-11.5701
-11.4218
-10.6805
-10.4473
-10.6405
-10.2957
-10.1126
-9.92265
-9.88637
-9.88337
-9.72539
-9.40467
-8.99404
-8.5736
-7.80573
-7.23453
-7.22321
-6.92349
-7.07594
-7.58826
-7.74623
-7.54309
-7.8811
-8.72673
-9.06186
-8.83882
-8.10375
-7.28715
-6.94039
-6.93921
-7.04311
-6.57784
-5.88435
-6.01977
-6.3134
-6.48139
-6.45098
-5.9025
-4.66727
-4.10852
-3.78656
-3.82406
-3.37439
-2.77062
-2.44815
-1.49
-0.0937241
-0.163302
0.17173
1.40142
1.94318
1.60064
0.859927
-0.473142
-0.906958
-1.45982
-1.74891
-2.27299
-2.96375
-3.19704
-2.65182
-2.26518
-2.17593
-1.92165
-2.02255
-2.06486
-2.24005
-1.51615
-1.13435
-0.332514
0.219752
-0.155639
-1.41178
-2.26688
-2.56033
-2.84909
-2.66955
-2.50401
-2.54589
-2.60609
-1.49889
-0.948249
-0.872953
-0.169121
-0.0971068
-0.568024
-1.23582
-1.46484
-0.868765
-0.229054
-0.730518
-2.30876
-4.39873
-4.51715
-3.79442
-3.5957
-2.83713
-2.77359
0.114868
3.15234
5.39816
5.3314
3.7263
2.22274
0.951334
0.265337
-0.761875
-1.52616
-1.99329
-2.69246
-3.09391
-2.45072
-2.14765
-2.10482
-2.10509
-1.75122
-1.16865
-0.610211
-0.289824
-0.168263
-0.0701787
0.0269028
0.138404
0.247542
0.536709
-0.0715638
-0.886838
-1.76409
-3.12347
-4.97434
-6.9512
-8.68177
-7.94761
-6.81344
-7.98807
-9.68747
-10.547
-10.1462
-10.0736
-11.0919
-10.3281
-9.16587
-8.72549
-9.14747
-9.06503
-8.05352
-6.6988
-6.23788
-7.16618
-9.19464
-8.64471
-7.83387
-7.39203
-6.4076
-3.39648
-1.68814
-0.911636
-0.708437
-0.245499
0.158603
1.09135
0.790031
-0.34006
-1.19532
-1.91974
-1.95563
-2.0867
-2.35484
-2.95832
-3.413
-2.59942
-2.08504
-1.66899
-1.55089
-1.51921
-1.88059
-2.07236
-2.08727
-1.99168
-1.79019
-1.77874
-1.9081
-1.70071
-1.58648
-1.96379
-3.15589
-4.30648
-5.47238
-6.62877
-7.31033
-8.97192
-9.89064
-10.9275
-13.099
-15.9334
-18.6583
-21.053
-23.1411
-25.159
-27.0327
-28.6418
-30.6529
-32.2949
-33.0998
-34.2749
-35.7903
-37.0051
-38.2702
-39.2277
-39.79
-40.2771
-40.2313
-40.5968
-41.1617
-41.397
-41.0485
-40.8619
-40.7296
-40.8272
-40.8157
-40.5618
-40.1281
-39.3877
-38.2496
-35.9488
-33.1875
-31.0703
-29.3183
-26.9994
-24.055
-21.9152
-19.988
-18.8533
-17.6083
-15.954
-14.0016
-12.2005
-10.4645
-8.92546
-8.11899
-7.46742
-6.24886
-4.43619
-3.75331
-4.12465
-4.75835
-4.56191
-3.3729
-2.05478
-1.62661
-1.88619
-2.60493
-2.35821
-1.94582
-1.34043
-1.13927
-1.175
-1.55828
-1.85622
-1.73295
-1.16598
-0.648025
-0.732754
-1.03432
-1.39281
-1.36537
-0.805465
-0.228918
-0.214399
-0.750353
-0.344343
-0.532821
-0.637013
-0.222926
-0.00684504
-0.0209721
-0.141639
-0.289879
-0.838595
-0.561444
-0.323333
-0.302947
-0.38062
-0.917664
-0.4376
-0.839199
-0.629102
-0.85231
-0.563625
-0.711078
-0.588777
-0.581718
-0.596724
-0.555751
-0.563486
-0.542058
-0.625744
-0.643946
-0.65431
-0.653047
-0.608618
-0.647685
-0.640256
-0.66358
-0.667246
-0.665921
-0.640349
-0.681681
-0.72497
-0.79338
-0.773366
-0.753646
-0.730685
-0.772852
-0.704056
-0.689102
-0.676676
-0.623734
-0.601846
-0.672555
-0.646656
-0.583954
-0.561892
-0.548279
-0.543709
-0.557223
-0.61057
-0.651145
-0.635442
-0.755261
-0.677057
-0.645766
-0.549235
